<?xml version="1.0"?>
<opencv_storage>
<coins type_id="opencv-matrix">
 <rows>500</rows>
 <cols>1</cols>
 <dt>"2f"</dt>
 <data>
     378.0      799.0
    1345.0      568.0
     848.0      150.0
     546.0      321.0
     829.0      391.0
     788.0      117.0
     706.0      214.0
    1260.0      980.0
    1198.0      134.0
     151.0      307.0
    1171.0       18.0
     288.0      273.0
    1294.0      168.0
     666.0      572.0
     590.0      884.0
     570.0       65.0
    1093.0      569.0
     811.0      355.0
     344.0      790.0
     875.0      343.0
    1207.0       28.0
    1202.0      424.0
     382.0      637.0
     330.0      540.0
     898.0      402.0
     553.0      181.0
    1078.0      756.0
    1359.0      431.0
     312.0      460.0
    1292.0      397.0
     881.0      745.0
     582.0      671.0
    1255.0      644.0
     399.0      768.0
     822.0      255.0
     266.0      887.0
    1123.0      268.0
    1003.0      533.0
     930.0      216.0
     690.0      165.0
    1024.0      115.0
     424.0      489.0
     743.0      353.0
     955.0      293.0
     843.0      993.0
    1323.0      503.0
     725.0      136.0
     120.0      140.0
    1170.0      188.0
    1359.0      932.0
     698.0      412.0
    1225.0      716.0
    1194.0      685.0
     892.0      224.0
     762.0      652.0
     527.0       53.0
     695.0      609.0
     487.0      669.0
    1207.0      659.0
    1350.0       58.0
    1240.0      308.0
    1258.0      682.0
     919.0      606.0
     528.0      985.0
    1214.0      352.0
     686.0       61.0
    1096.0      895.0
    1266.0      770.0
    1354.0      351.0
    1182.0      424.0
     818.0      859.0
     618.0      153.0
     642.0      422.0
     615.0      290.0
     251.0      455.0
    1236.0      762.0
    1229.0      683.0
     876.0      137.0
     999.0      169.0
    1343.0      284.0
     833.0     1023.0
     459.0      580.0
     675.0      373.0
    1169.0      861.0
     605.0      745.0
    1334.0      609.0
     718.0      883.0
     415.0      816.0
     862.0      193.0
     663.0      739.0
    1315.0      262.0
     969.0      800.0
     982.0      546.0
    1117.0      554.0
    1304.0      718.0
    1154.0      715.0
     499.0      341.0
     931.0     1006.0
     548.0      822.0
    1019.0      717.0
     556.0      268.0
    1265.0      526.0
    1264.0       31.0
    1223.0       89.0
    1310.0      377.0
    1256.0      240.0
    1018.0      389.0
    1280.0     1023.0
     871.0      583.0
     870.0      289.0
    1128.0      535.0
     413.0      220.0
     576.0      376.0
    1282.0      247.0
     960.0     1013.0
    1211.0      227.0
     787.0      270.0
     592.0      194.0
    1177.0      274.0
    1202.0      167.0
     867.0       42.0
     790.0       62.0
    1224.0      974.0
    1311.0      690.0
    1089.0      675.0
     424.0      175.0
     962.0      440.0
     572.0      472.0
    1230.0      181.0
    1251.0      206.0
     122.0      369.0
     524.0      541.0
     227.0      268.0
    1137.0      411.0
     338.0      389.0
     455.0      621.0
     668.0      479.0
    1309.0      546.0
     592.0     1015.0
    1282.0      733.0
     353.0      234.0
    1287.0      546.0
    1327.0      967.0
     560.0      223.0
     887.0      656.0
     981.0      324.0
     766.0      900.0
    1052.0      692.0
    1009.0      279.0
    1028.0       35.0
     743.0      309.0
    1081.0      419.0
     951.0      931.0
     973.0      282.0
    1171.0      628.0
    1097.0      642.0
     961.0      403.0
     288.0      348.0
    1158.0     1018.0
     980.0      662.0
     600.0      350.0
     663.0      814.0
    1148.0      478.0
    1223.0      648.0
    1208.0      520.0
    1248.0      286.0
    1203.0       55.0
     846.0       44.0
    1134.0      575.0
     602.0      834.0
     768.0     1002.0
     906.0      367.0
    1018.0     1020.0
    1315.0      110.0
     707.0      276.0
     743.0      550.0
    1355.0      378.0
     494.0      291.0
    1071.0      313.0
    1110.0      508.0
     990.0      632.0
     701.0      806.0
     692.0      357.0
     935.0      676.0
    1314.0      642.0
     934.0       56.0
    1091.0      791.0
     839.0      601.0
     385.0      127.0
     264.0      787.0
     677.0      997.0
     189.0      209.0
     870.0      475.0
     413.0       65.0
     862.0      245.0
    1040.0       77.0
     266.0      417.0
     313.0      608.0
    1197.0      910.0
     636.0      602.0
     464.0      149.0
     605.0      405.0
     985.0       65.0
    1036.0      549.0
     907.0      204.0
    1249.0      720.0
    1313.0      819.0
    1166.0      828.0
     470.0      947.0
     123.0       90.0
    1010.0      444.0
    1166.0      971.0
    1344.0       85.0
     557.0      106.0
     850.0      102.0
     363.0      674.0
    1209.0      741.0
    1042.0      797.0
     683.0      110.0
    1074.0      911.0
    1282.0      188.0
    1134.0      657.0
    1085.0      479.0
     752.0      794.0
    1191.0      813.0
     367.0      957.0
     553.0      784.0
    1273.0      385.0
     571.0      148.0
    1286.0      699.0
    1086.0      714.0
    1308.0     1007.0
    1117.0     1003.0
    1129.0      741.0
     800.0      480.0
    1280.0      957.0
    1007.0      868.0
     902.0      573.0
     637.0      681.0
     725.0       96.0
     444.0      777.0
    1139.0      929.0
     219.0      325.0
     325.0      985.0
    1355.0      834.0
     942.0      718.0
     245.0      222.0
    1166.0       67.0
     800.0      431.0
    1260.0      172.0
     742.0      273.0
    1350.0      756.0
     820.0      680.0
    1296.0        5.0
    1148.0      767.0
    1258.0      606.0
     560.0      575.0
     737.0      654.0
    1177.0      312.0
    1285.0      321.0
     954.0      186.0
     445.0      833.0
    1332.0      411.0
    1168.0      917.0
     675.0      647.0
     642.0      869.0
    1309.0      296.0
    1094.0      314.0
    1260.0      400.0
    1358.0      504.0
     538.0      359.0
     621.0      807.0
    1241.0      615.0
     634.0      474.0
     203.0      662.0
    1157.0      278.0
     845.0      867.0
     560.0      724.0
     693.0      558.0
    1256.0      434.0
     728.0      452.0
     770.0      548.0
    1190.0      475.0
    1094.0       61.0
     406.0      862.0
     436.0      530.0
    1123.0       37.0
     638.0      108.0
    1277.0      212.0
    1332.0      768.0
     837.0      804.0
     258.0      537.0
     934.0      522.0
     621.0     1009.0
    1272.0      898.0
     812.0      525.0
     305.0       95.0
     123.0      270.0
    1165.0      756.0
    1250.0      939.0
     362.0      366.0
     830.0      959.0
    1035.0      920.0
     313.0      706.0
    1150.0      618.0
     767.0      426.0
    1188.0      551.0
     994.0      407.0
     634.0      937.0
    1240.0       27.0
     814.0      929.0
     521.0      423.0
     753.0      846.0
    1229.0      486.0
     551.0      907.0
     971.0      720.0
     469.0      992.0
    1274.0      339.0
     390.0      998.0
     200.0      377.0
    1111.0      140.0
    1146.0      514.0
     758.0      456.0
    1231.0      927.0
    1146.0      878.0
    1077.0       33.0
     483.0       70.0
     754.0      392.0
     280.0      833.0
     637.0      548.0
    1135.0      183.0
    1233.0      892.0
     968.0       76.0
     533.0      632.0
     908.0      157.0
    1090.0      605.0
    1294.0      472.0
    1015.0      795.0
     482.0      132.0
     869.0      413.0
     870.0      923.0
    1116.0      960.0
    1302.0      931.0
    1050.0      169.0
     630.0      368.0
    1027.0      679.0
    1215.0      786.0
    1284.0      777.0
    1146.0      127.0
    1041.0      221.0
    1007.0      143.0
     319.0      301.0
    1347.0      128.0
     166.0      482.0
     890.0       45.0
     832.0      899.0
    1341.0      197.0
