<?xml version="1.0"?>
<opencv_storage>
<coins type_id="opencv-matrix">
 <rows>500</rows>
 <cols>1</cols>
 <dt>"2f"</dt>
 <data>
     548.0       30.0
     438.0      546.0
     324.0      365.0
     598.0       68.0
     592.0      125.0
     772.0      188.0
     610.0      238.0
     837.0      156.0
     668.0      187.0
     679.0      568.0
     682.0      426.0
     700.0      527.0
     856.0      219.0
     631.0       39.0
     540.0      614.0
     388.0      641.0
     685.0      262.0
     450.0      616.0
     663.0      524.0
     703.0      129.0
     723.0      271.0
     395.0      435.0
     553.0      533.0
     593.0      190.0
     911.0      522.0
     907.0      493.0
     870.0       31.0
     657.0      566.0
     679.0      352.0
     855.0      286.0
     859.0      272.0
     378.0      651.0
     582.0      570.0
     320.0      335.0
     838.0      269.0
     867.0       46.0
     411.0      564.0
     427.0      221.0
     887.0      294.0
     701.0      492.0
     591.0      379.0
     783.0       46.0
     345.0       37.0
     725.0      138.0
     337.0      342.0
     822.0      438.0
     509.0      513.0
     360.0      547.0
     370.0      181.0
     602.0      493.0
     793.0       54.0
     791.0       80.0
     486.0      283.0
     857.0        8.0
     354.0       82.0
     531.0      415.0
     281.0      618.0
     453.0      485.0
     766.0      143.0
     230.0      337.0
     557.0      357.0
     254.0      311.0
     831.0      210.0
     502.0      394.0
     588.0      480.0
     533.0      591.0
     535.0      282.0
      45.0       67.0
     474.0      251.0
     828.0      168.0
     598.0      319.0
     198.0       85.0
      88.0      466.0
     404.0      282.0
     702.0      587.0
     392.0      281.0
     629.0      451.0
     288.0       67.0
     262.0      298.0
     460.0      504.0
     804.0      517.0
     876.0      529.0
     374.0      289.0
     238.0      179.0
     864.0      398.0
     321.0      475.0
     186.0      678.0
     868.0      239.0
     660.0      269.0
     570.0      244.0
     489.0      261.0
     166.0      170.0
     666.0      237.0
     132.0      654.0
     823.0      300.0
     807.0      560.0
     357.0      262.0
     277.0      307.0
     705.0      184.0
     834.0      187.0
     810.0      289.0
     293.0      570.0
     383.0      432.0
     571.0      583.0
     675.0      552.0
     333.0      618.0
     414.0      407.0
     646.0       80.0
     546.0      186.0
     536.0      570.0
     704.0      362.0
     313.0      463.0
     880.0      106.0
     838.0      557.0
     107.0      551.0
     169.0       88.0
      49.0      167.0
     295.0      295.0
     167.0      136.0
     248.0      282.0
     544.0      298.0
     449.0      362.0
     879.0      544.0
     645.0      529.0
     150.0      166.0
     736.0       51.0
     838.0      250.0
     758.0      290.0
     827.0       34.0
     780.0      292.0
     584.0      588.0
     309.0      487.0
     858.0      143.0
     850.0      465.0
     113.0      185.0
     596.0      513.0
     774.0      234.0
     808.0       41.0
     758.0      201.0
     826.0      376.0
      89.0       65.0
     408.0      445.0
     448.0       36.0
     714.0      166.0
     684.0      514.0
     857.0       85.0
     689.0      457.0
     498.0       41.0
     318.0      450.0
     329.0      660.0
     700.0      168.0
     543.0      595.0
     487.0      114.0
     826.0      311.0
     838.0      452.0
     755.0      117.0
     617.0      298.0
     421.0      613.0
     518.0      264.0
     872.0      322.0
     753.0      505.0
     704.0      437.0
     721.0       16.0
     666.0      437.0
     579.0      496.0
     686.0      132.0
     602.0      109.0
     757.0      397.0
     648.0      285.0
     100.0      520.0
     814.0      478.0
     667.0      370.0
     123.0      619.0
     403.0      579.0
     807.0      126.0
     372.0      540.0
     633.0      482.0
     547.0      211.0
     910.0      505.0
     757.0      242.0
     441.0      426.0
     674.0      308.0
     638.0      138.0
     743.0       17.0
     810.0      189.0
     643.0       21.0
     416.0      297.0
     832.0      401.0
     829.0      459.0
     860.0      509.0
     828.0       79.0
     839.0      362.0
     783.0      323.0
     417.0      228.0
     842.0      428.0
     584.0      340.0
     620.0      493.0
     660.0      554.0
     240.0      345.0
     843.0      307.0
     786.0      533.0
     176.0      476.0
     607.0      369.0
     776.0       91.0
     668.0      322.0
     764.0      547.0
     276.0      486.0
     107.0      110.0
     802.0      499.0
     394.0      531.0
     651.0      517.0
     752.0      136.0
     452.0      323.0
     420.0      451.0
     582.0      192.0
     447.0      449.0
     776.0       63.0
     825.0      473.0
     783.0      343.0
     689.0      329.0
     413.0      428.0
     758.0      101.0
     464.0      367.0
     156.0      114.0
     490.0      463.0
     454.0      586.0
     815.0       62.0
     491.0      178.0
     432.0      590.0
     656.0      388.0
     419.0       67.0
     869.0      354.0
     749.0       84.0
     866.0      144.0
     734.0      473.0
     266.0      661.0
     471.0      183.0
     894.0      417.0
     119.0      592.0
     575.0       25.0
     202.0       58.0
     656.0      417.0
     377.0      405.0
     811.0      259.0
     317.0      615.0
     466.0      132.0
     851.0      362.0
      26.0      160.0
     225.0      103.0
     590.0      578.0
     749.0      256.0
     734.0      576.0
     797.0      509.0
     783.0      396.0
     394.0       67.0
     696.0      114.0
     601.0      248.0
     807.0      451.0
     854.0      258.0
     620.0       67.0
     300.0      620.0
     598.0      458.0
     722.0       47.0
     850.0      244.0
     482.0       43.0
     823.0      352.0
     819.0       19.0
     843.0      214.0
     436.0       66.0
     771.0      508.0
     666.0      292.0
     266.0      581.0
     259.0      169.0
     888.0      541.0
     714.0      254.0
     875.0      194.0
     286.0      642.0
     783.0      465.0
     528.0      177.0
     791.0      289.0
     678.0       17.0
     526.0      537.0
     730.0      499.0
     389.0      308.0
     893.0      373.0
     563.0      390.0
     304.0      368.0
     819.0      130.0
     770.0      564.0
     531.0      447.0
     789.0      104.0
      29.0      111.0
      82.0      444.0
     569.0      206.0
     858.0      307.0
     884.0      175.0
     265.0      283.0
     421.0      575.0
     760.0       41.0
     880.0      122.0
     447.0      600.0
     575.0      611.0
     849.0      336.0
     353.0      152.0
     868.0      496.0
     516.0      140.0
     513.0      423.0
     484.0      361.0
     294.0      318.0
     779.0      129.0
     485.0      624.0
     565.0      406.0
     691.0      369.0
     271.0      321.0
     613.0       26.0
     838.0      492.0
     843.0        4.0
     329.0       67.0
     865.0      256.0
     888.0      524.0
     807.0      336.0
     251.0      423.0
     282.0      666.0
     768.0      531.0
     877.0      280.0
     794.0      239.0
     433.0      638.0
      95.0      160.0
     678.0       70.0
     878.0      340.0
      45.0      225.0
     745.0      423.0
     673.0       54.0
     769.0      162.0
     897.0      400.0
     727.0      354.0
     295.0      585.0
     792.0      499.0
     545.0      410.0
     745.0      571.0
     468.0      466.0
     390.0      493.0
     819.0      229.0
     754.0      523.0
     847.0      413.0
     777.0       20.0
     717.0      577.0
     883.0      317.0
     884.0      366.0
     481.0      470.0
     678.0      414.0
     574.0      478.0
     500.0      534.0
     704.0      465.0
     634.0      280.0
     466.0      336.0
     893.0      441.0
