<?xml version="1.0"?>
<opencv_storage>
<coins type_id="opencv-matrix">
 <rows>500</rows>
 <cols>1</cols>
 <dt>"2f"</dt>
 <data>
     538.0      517.0
     669.0      329.0
    1160.0      705.0
     917.0      274.0
     945.0      832.0
     726.0      425.0
     492.0      382.0
     472.0      717.0
     601.0      638.0
     858.0      847.0
    1082.0      397.0
     978.0      350.0
     449.0      553.0
    1021.0      578.0
     853.0      235.0
     735.0      599.0
     797.0      491.0
     453.0      268.0
     790.0      511.0
     917.0      365.0
    1061.0      603.0
     669.0      714.0
     880.0      495.0
     993.0      494.0
     892.0      363.0
     756.0      364.0
     456.0      315.0
     629.0      484.0
     586.0      393.0
     518.0      848.0
     603.0      716.0
     578.0      202.0
     424.0      740.0
     541.0      541.0
     586.0      357.0
     913.0      598.0
     712.0      879.0
     901.0      634.0
    1147.0      783.0
     726.0      302.0
     920.0      425.0
     879.0      262.0
    1043.0      540.0
    1045.0      259.0
    1066.0      559.0
     429.0      679.0
     794.0      570.0
     861.0      763.0
     717.0      576.0
     646.0      262.0
    1052.0      332.0
     983.0      185.0
     706.0      339.0
     944.0      201.0
     508.0      564.0
     859.0      325.0
     364.0      224.0
     761.0      761.0
     760.0      286.0
     758.0      261.0
     906.0      447.0
     408.0      568.0
     521.0      739.0
    1078.0      799.0
     360.0      291.0
     951.0      659.0
     689.0      324.0
    1091.0      461.0
     907.0      530.0
     500.0      321.0
     787.0      862.0
     930.0      204.0
     609.0      550.0
     880.0      845.0
     382.0      426.0
     345.0      331.0
     497.0      917.0
     834.0      524.0
     341.0      382.0
    1129.0      492.0
     954.0      389.0
     862.0      719.0
    1105.0      447.0
     797.0      249.0
     713.0      741.0
     850.0      782.0
    1044.0      688.0
    1000.0      230.0
     712.0      549.0
    1008.0      814.0
     925.0      636.0
    1039.0      275.0
     561.0      232.0
    1026.0      460.0
    1057.0      361.0
     578.0      225.0
     637.0      809.0
     690.0      531.0
     937.0      451.0
     460.0      826.0
     989.0      518.0
    1090.0      531.0
     843.0      362.0
     542.0      389.0
     766.0      729.0
     623.0      601.0
     535.0      837.0
     397.0      501.0
     941.0      478.0
     987.0      212.0
     763.0      506.0
    1022.0      689.0
     472.0      400.0
     746.0      310.0
     853.0      618.0
     753.0      622.0
     597.0      341.0
     989.0      331.0
    1109.0      795.0
     605.0      265.0
     923.0      450.0
     774.0      265.0
     521.0      512.0
    1134.0      750.0
    1027.0      523.0
     819.0      367.0
     650.0      406.0
     599.0      903.0
     569.0      472.0
     732.0      877.0
    1150.0      728.0
    1055.0      798.0
     917.0      666.0
     828.0      853.0
     682.0      884.0
     774.0      672.0
    1076.0      298.0
     562.0      764.0
    1071.0      377.0
    1137.0      558.0
     791.0      188.0
     551.0      255.0
     675.0      463.0
     773.0      751.0
    1149.0      760.0
     839.0      188.0
     866.0      299.0
    1066.0      329.0
     771.0      398.0
     741.0      216.0
     928.0      608.0
     782.0      648.0
     393.0      450.0
     724.0      762.0
     951.0      184.0
     940.0      427.0
    1080.0      429.0
    1003.0      656.0
     815.0      301.0
     467.0      442.0
     809.0      694.0
     924.0      535.0
     933.0      384.0
    1006.0      610.0
     524.0      385.0
     675.0      595.0
     686.0      616.0
     336.0      276.0
     668.0      519.0
     441.0      612.0
     893.0      459.0
    1053.0      284.0
     458.0      851.0
     863.0      395.0
     497.0      636.0
     484.0      279.0
     756.0      216.0
     468.0      627.0
     692.0      476.0
     407.0      681.0
     823.0      335.0
    1035.0      363.0
     849.0      256.0
     886.0      535.0
     467.0      560.0
     982.0      412.0
     294.0      269.0
     681.0      424.0
    1042.0      798.0
    1068.0      351.0
     424.0      640.0
     951.0      313.0
    1061.0      758.0
     950.0      264.0
     651.0      784.0
     481.0      564.0
     743.0      534.0
     767.0      444.0
     652.0      312.0
     950.0      731.0
     538.0      617.0
     620.0      336.0
     719.0      534.0
    1124.0      447.0
     660.0      345.0
    1000.0      474.0
     501.0      515.0
     563.0      547.0
     653.0      634.0
     543.0      771.0
     811.0      594.0
    1110.0      725.0
     818.0      517.0
     696.0      667.0
     579.0      613.0
     741.0      826.0
     883.0      428.0
     421.0      356.0
    1015.0      539.0
     554.0      739.0
     446.0      724.0
     963.0      596.0
     861.0      358.0
     499.0      676.0
    1014.0      401.0
     521.0      413.0
     475.0      241.0
     480.0      475.0
    1122.0      554.0
    1019.0      192.0
     983.0      545.0
     761.0      570.0
     909.0      570.0
     789.0      375.0
     388.0      230.0
     992.0      566.0
     469.0      678.0
     894.0      569.0
     481.0      586.0
     837.0      710.0
     712.0      423.0
    1098.0      485.0
     553.0      583.0
    1014.0      372.0
    1039.0      214.0
     766.0      415.0
     690.0      690.0
     309.0      332.0
    1054.0      200.0
     401.0      526.0
     747.0      386.0
     502.0      713.0
     525.0      342.0
     521.0      632.0
     864.0      226.0
     580.0      868.0
     653.0      497.0
    1115.0      764.0
     687.0      852.0
     333.0      405.0
    1001.0      640.0
    1074.0      586.0
     446.0      590.0
     476.0      362.0
     479.0      745.0
     663.0      891.0
    1014.0      438.0
     543.0      272.0
    1027.0      287.0
     487.0      810.0
     668.0      563.0
    1113.0      475.0
     822.0      711.0
     730.0      703.0
     735.0      472.0
    1067.0      661.0
    1016.0      485.0
     582.0      665.0
    1052.0      237.0
    1085.0      682.0
    1052.0      669.0
     496.0      744.0
     876.0      639.0
     918.0      504.0
     528.0      896.0
     667.0      248.0
    1009.0      278.0
     305.0      250.0
    1001.0      204.0
     941.0      507.0
     673.0      402.0
    1046.0      415.0
     636.0      330.0
    1074.0      161.0
     321.0      293.0
    1025.0      308.0
     444.0      209.0
     811.0      733.0
     859.0      495.0
     829.0      268.0
    1111.0      426.0
     939.0      629.0
     469.0      891.0
    1056.0      391.0
     502.0      439.0
     526.0      655.0
     576.0      513.0
     782.0      322.0
    1042.0      601.0
     648.0      706.0
    1106.0      349.0
     836.0      482.0
     274.0      231.0
     663.0      617.0
    1024.0      214.0
     588.0      583.0
     594.0      244.0
     996.0      291.0
     976.0      611.0
     693.0      231.0
     754.0      586.0
    1130.0      728.0
     382.0      259.0
     803.0      541.0
     685.0      378.0
     797.0      319.0
    1148.0      637.0
     545.0      297.0
     895.0      245.0
     836.0      676.0
     966.0      691.0
     572.0      731.0
     998.0      354.0
     958.0      514.0
     409.0      225.0
     834.0      622.0
     565.0      627.0
    1176.0      762.0
     733.0      365.0
     772.0      479.0
     567.0      297.0
     920.0      338.0
     743.0      695.0
    1104.0      549.0
     803.0      403.0
     718.0      636.0
     808.0      455.0
    1098.0      646.0
    1044.0      170.0
     989.0      714.0
    1021.0      329.0
     598.0      466.0
     922.0      396.0
     971.0      494.0
     961.0      367.0
     633.0      686.0
     838.0      298.0
