<?xml version="1.0"?>
<opencv_storage>
<coins type_id="opencv-matrix">
 <rows>500</rows>
 <cols>1</cols>
 <dt>"2f"</dt>
 <data>
     784.0      860.0
      18.0      489.0
     237.0      311.0
    1286.0      782.0
    1163.0      503.0
     881.0      254.0
    1040.0      342.0
     873.0      765.0
    1105.0      385.0
     897.0      334.0
    1193.0      806.0
    1018.0      765.0
     929.0      586.0
    1161.0      725.0
     267.0      410.0
    1052.0      827.0
     179.0      231.0
     631.0      645.0
    1326.0      592.0
    1252.0      760.0
     840.0      818.0
    1175.0      390.0
    1034.0      839.0
     458.0      488.0
     564.0      402.0
    1160.0      771.0
     731.0      443.0
     930.0      171.0
    1134.0      741.0
     539.0      466.0
     320.0      791.0
     825.0      345.0
    1316.0      553.0
    1091.0      343.0
     418.0      864.0
    1032.0      314.0
    1120.0      457.0
     508.0      781.0
    1267.0      500.0
     484.0      970.0
     315.0      200.0
     926.0      528.0
     437.0      235.0
     917.0      561.0
    1126.0      683.0
    1122.0      380.0
    1023.0      406.0
    1146.0      547.0
     890.0      440.0
    1125.0      363.0
    1027.0      813.0
    1015.0      678.0
     343.0      840.0
     869.0      563.0
     507.0      174.0
     309.0      933.0
    1267.0      738.0
     411.0      338.0
    1175.0      223.0
    1218.0      308.0
    1167.0      744.0
     429.0      725.0
     894.0      534.0
    1009.0      251.0
     337.0      962.0
    1127.0      596.0
    1226.0      655.0
      22.0       72.0
     662.0      782.0
     903.0      196.0
    1123.0      233.0
     539.0      366.0
     608.0      615.0
    1053.0      659.0
    1262.0      521.0
    1223.0      556.0
    1083.0      750.0
     700.0      310.0
     829.0      757.0
     955.0      626.0
     173.0      264.0
     100.0      513.0
    1189.0      361.0
     624.0      799.0
     406.0      698.0
    1116.0      755.0
    1171.0      678.0
     858.0      678.0
    1234.0      501.0
     868.0      709.0
     897.0      516.0
    1042.0      275.0
    1230.0      736.0
     916.0      437.0
     191.0      103.0
     207.0      517.0
     942.0      434.0
     288.0      515.0
      18.0      283.0
     681.0      549.0
    1265.0      757.0
    1213.0      589.0
     933.0      683.0
    1204.0      389.0
     179.0      675.0
     774.0      606.0
    1237.0      450.0
     520.0      233.0
     847.0      206.0
     846.0      325.0
     384.0      621.0
     341.0      153.0
     957.0      200.0
    1235.0      465.0
     164.0      764.0
    1177.0      299.0
     242.0      815.0
     674.0      399.0
     709.0      531.0
     952.0      761.0
      94.0      571.0
      85.0      483.0
     633.0      370.0
     737.0      515.0
     389.0      877.0
    1047.0      252.0
     851.0      575.0
    1052.0      428.0
    1010.0      560.0
     589.0      694.0
    1171.0      571.0
     931.0      777.0
    1147.0      432.0
     370.0      526.0
     961.0      222.0
     651.0      841.0
     845.0      175.0
     786.0      284.0
     163.0      328.0
     587.0      587.0
     411.0      489.0
       1.0      582.0
    1197.0      547.0
     537.0      821.0
     519.0      383.0
    1000.0      263.0
     800.0      638.0
    1293.0      501.0
    1097.0      806.0
     575.0      839.0
     717.0      250.0
    1168.0      653.0
     488.0      687.0
     153.0      694.0
     413.0      118.0
     361.0      117.0
     192.0      195.0
    1244.0      421.0
     543.0      511.0
     677.0      511.0
     381.0      948.0
    1234.0      381.0
      64.0      524.0
     768.0      829.0
     889.0      789.0
     968.0      469.0
     268.0      640.0
     662.0      345.0
     153.0      413.0
    1020.0      241.0
       0.0      202.0
    1259.0      400.0
    1262.0      480.0
    1106.0      558.0
    1178.0      444.0
    1033.0      635.0
     941.0      323.0
     753.0      555.0
     542.0      158.0
    1078.0      729.0
     600.0      503.0
     280.0      132.0
    1200.0      282.0
     150.0      646.0
     285.0      453.0
     316.0      439.0
     741.0      415.0
    1207.0      503.0
     424.0      799.0
    1215.0      745.0
     237.0      168.0
     822.0      292.0
    1295.0      523.0
      51.0      316.0
     829.0      890.0
    1082.0      834.0
    1162.0      408.0
     917.0      794.0
    1148.0      201.0
     821.0      723.0
    1186.0      415.0
     959.0      825.0
     223.0      561.0
     861.0      526.0
     751.0      868.0
     982.0      606.0
    1080.0      375.0
    1164.0      315.0
      67.0      624.0
     661.0      193.0
     582.0      656.0
     947.0      732.0
     329.0      622.0
     563.0      601.0
     225.0      442.0
     963.0      276.0
     991.0      852.0
    1132.0      256.0
    1318.0      513.0
     751.0      182.0
     498.0      907.0
     727.0      289.0
     634.0      561.0
     722.0      177.0
     997.0      222.0
     881.0      610.0
     869.0      886.0
    1355.0      765.0
    1245.0      485.0
     817.0      317.0
     482.0      433.0
     440.0      829.0
    1277.0      470.0
     284.0      281.0
     626.0      748.0
     940.0      388.0
     959.0      425.0
     862.0      497.0
     775.0      403.0
     932.0      831.0
     434.0      317.0
      76.0       86.0
       0.0      625.0
     911.0      880.0
     898.0      652.0
     469.0      805.0
     476.0      633.0
    1149.0      812.0
     509.0      267.0
     578.0      342.0
    1344.0      622.0
     416.0      648.0
     244.0      208.0
    1112.0      296.0
    1048.0      205.0
     897.0      225.0
    1258.0      458.0
    1194.0      402.0
     988.0      280.0
    1067.0      288.0
    1121.0      541.0
    1331.0      503.0
    1359.0      618.0
     876.0      166.0
     543.0      220.0
    1295.0      457.0
    1061.0      317.0
     685.0      586.0
     487.0      535.0
     334.0      527.0
     673.0      279.0
     949.0      526.0
     473.0      366.0
     238.0      340.0
    1194.0      625.0
     888.0      746.0
    1116.0      633.0
    1241.0      349.0
     743.0      482.0
    1353.0      577.0
     423.0      525.0
     995.0      573.0
     916.0      617.0
     787.0      319.0
     641.0      612.0
     474.0      473.0
     854.0      289.0
    1075.0      595.0
    1093.0      454.0
    1308.0      493.0
     984.0      735.0
     699.0      716.0
    1138.0      569.0
    1269.0      615.0
     865.0      621.0
      63.0      378.0
    1084.0      427.0
    1304.0      781.0
    1147.0      362.0
     699.0      915.0
     993.0      395.0
     547.0      632.0
     542.0      775.0
     501.0      141.0
     828.0      784.0
    1071.0      340.0
     913.0      308.0
     272.0      555.0
     821.0      545.0
     507.0      598.0
     741.0      705.0
     814.0      406.0
     150.0      148.0
    1053.0      391.0
     328.0      259.0
     718.0      767.0
    1037.0      793.0
    1324.0      531.0
     700.0      842.0
     822.0      231.0
    1063.0      758.0
    1296.0      544.0
     372.0      394.0
     480.0      334.0
    1324.0      775.0
    1207.0      604.0
     413.0      906.0
     420.0      365.0
     891.0      480.0
     847.0      380.0
     120.0      712.0
     977.0      529.0
     619.0      691.0
     551.0      899.0
    1049.0      695.0
     360.0      651.0
     903.0      375.0
     433.0      437.0
     270.0      154.0
     774.0      714.0
    1136.0      407.0
     980.0      366.0
    1179.0      723.0
     153.0      597.0
     647.0      301.0
     921.0      497.0
    1193.0      466.0
     523.0      304.0
    1208.0      371.0
     640.0      252.0
    1019.0      220.0
      73.0      594.0
    1066.0      815.0
      43.0      435.0
    1187.0      326.0
       2.0      320.0
    1002.0      826.0
