<?xml version="1.0"?>
<opencv_storage>
<coins type_id="opencv-matrix">
 <rows>500</rows>
 <cols>1</cols>
 <dt>"2f"</dt>
 <data>
     522.0       82.0
    1027.0      454.0
     847.0      109.0
    1005.0      305.0
     662.0      169.0
     540.0      306.0
    1025.0      380.0
     213.0      632.0
     934.0      566.0
     823.0      222.0
     443.0      238.0
     499.0      574.0
     143.0      637.0
     748.0      635.0
     987.0      392.0
     549.0      509.0
     574.0      258.0
     931.0      520.0
     467.0      260.0
     359.0      574.0
    1050.0      580.0
     516.0      173.0
     644.0      175.0
    1031.0      518.0
     645.0       72.0
     356.0      491.0
     908.0      540.0
     489.0      285.0
     196.0      558.0
     309.0      655.0
     720.0      471.0
     245.0      333.0
     577.0      407.0
     144.0      594.0
     649.0      640.0
     542.0      379.0
      71.0      306.0
    1023.0      568.0
      62.0      392.0
     127.0      241.0
     588.0      171.0
     925.0      205.0
     574.0      455.0
     161.0       66.0
     182.0      226.0
     820.0      374.0
     201.0      442.0
     546.0      648.0
     677.0      462.0
      20.0       84.0
     266.0      318.0
     666.0      330.0
    1030.0      588.0
     955.0      134.0
     691.0       80.0
     620.0      524.0
     710.0       93.0
     959.0      114.0
       8.0      283.0
      94.0      359.0
     928.0      579.0
     397.0      455.0
     864.0      248.0
     254.0      198.0
     143.0      119.0
      59.0      158.0
     602.0      540.0
     423.0      199.0
     581.0      289.0
     340.0      218.0
     594.0      526.0
     369.0      379.0
     301.0      211.0
     745.0      449.0
     660.0      195.0
     363.0       87.0
     906.0      591.0
     615.0      378.0
     344.0      382.0
     213.0      177.0
     537.0      495.0
      63.0      414.0
     170.0      178.0
     481.0      655.0
     494.0      600.0
     276.0       61.0
     252.0      549.0
     484.0      526.0
     431.0      139.0
     210.0      522.0
     123.0      560.0
     454.0      659.0
     526.0      523.0
     249.0      656.0
     110.0       30.0
     946.0      116.0
     246.0      223.0
     330.0      572.0
     505.0      448.0
     980.0      169.0
     381.0      519.0
     963.0      517.0
     203.0      540.0
     219.0      405.0
      93.0      404.0
       0.0       12.0
     677.0      361.0
     903.0       92.0
     865.0      390.0
    1033.0      480.0
     300.0      270.0
     879.0      305.0
     202.0      500.0
     154.0      314.0
     375.0      162.0
     441.0      594.0
     509.0      331.0
     720.0      355.0
     321.0       75.0
     414.0      233.0
     733.0      295.0
     217.0      155.0
     794.0      170.0
     542.0      329.0
     389.0      192.0
     102.0       74.0
     859.0      625.0
     858.0      167.0
     131.0       75.0
     623.0      120.0
      66.0      257.0
     904.0      627.0
     354.0       43.0
     866.0      406.0
     339.0      103.0
     886.0       99.0
     809.0      633.0
     849.0      212.0
     650.0      585.0
     508.0      526.0
     463.0      279.0
     359.0      509.0
     697.0      456.0
     412.0      117.0
    1011.0      393.0
     671.0      217.0
    1014.0      611.0
     946.0      452.0
     837.0      122.0
     569.0      174.0
     624.0      288.0
     727.0      525.0
     121.0      488.0
     524.0      458.0
     767.0      633.0
     788.0      387.0
     941.0      195.0
     925.0      172.0
     797.0      460.0
      25.0      442.0
      18.0      419.0
     419.0      461.0
     831.0      455.0
     277.0      250.0
     905.0      133.0
     582.0      552.0
     992.0      140.0
      40.0      269.0
     226.0      594.0
     719.0      334.0
     915.0      238.0
     597.0      559.0
      77.0      603.0
     896.0      410.0
     350.0      601.0
     895.0      377.0
     774.0      151.0
     472.0      100.0
     524.0      317.0
     737.0      130.0
     460.0      241.0
     878.0      387.0
     112.0      189.0
      29.0      174.0
     749.0      157.0
     945.0      506.0
     168.0       22.0
      16.0      147.0
     799.0      196.0
     571.0      212.0
     953.0      175.0
     611.0      137.0
     846.0      626.0
     762.0      571.0
     345.0      556.0
     321.0      396.0
     982.0      449.0
     807.0      455.0
     286.0      669.0
     424.0       63.0
     504.0      409.0
     910.0      389.0
     948.0      149.0
       1.0      310.0
     426.0      255.0
     141.0       30.0
      96.0      465.0
     922.0      187.0
     319.0      136.0
     996.0      113.0
     409.0      522.0
     858.0      497.0
     770.0      447.0
     164.0      642.0
     343.0       66.0
     639.0      379.0
     635.0      262.0
     919.0      439.0
     725.0      505.0
     675.0      129.0
     458.0      442.0
     910.0      278.0
     648.0      343.0
     885.0      166.0
     937.0      543.0
     205.0      278.0
     410.0      663.0
     887.0      435.0
     799.0      321.0
     488.0      445.0
     931.0      621.0
     451.0      287.0
     994.0      287.0
     435.0      298.0
     443.0      539.0
     578.0      147.0
    1000.0      408.0
     727.0      410.0
     894.0      394.0
     882.0      625.0
     560.0      370.0
     114.0      580.0
     821.0       87.0
     139.0       97.0
     936.0      459.0
     226.0      651.0
     501.0       57.0
    1004.0      377.0
     379.0      455.0
     196.0      190.0
     411.0      380.0
     643.0      156.0
      69.0      575.0
     808.0      489.0
     353.0      206.0
     680.0      513.0
     797.0      345.0
     623.0      240.0
    1008.0      364.0
     626.0      573.0
     554.0      466.0
     975.0      481.0
     960.0      313.0
     935.0      309.0
     487.0      253.0
     525.0       56.0
     887.0      138.0
     778.0      526.0
     389.0      235.0
     639.0      523.0
     903.0      270.0
      78.0       40.0
     608.0      294.0
     175.0      612.0
     325.0      537.0
     605.0      582.0
     337.0      297.0
     744.0      544.0
     738.0      272.0
     197.0      363.0
     379.0      664.0
     203.0      606.0
     888.0      568.0
     253.0      251.0
      89.0      246.0
     128.0      355.0
     908.0      165.0
     862.0      135.0
     684.0      645.0
     635.0      303.0
    1023.0      409.0
      90.0      326.0
     776.0      297.0
    1030.0      495.0
     515.0      495.0
     729.0      540.0
     851.0      514.0
      68.0      489.0
     726.0      383.0
     996.0      516.0
     695.0      117.0
     243.0      171.0
    1003.0      342.0
     226.0      565.0
     142.0      464.0
     137.0       56.0
    1002.0      614.0
     785.0      444.0
     295.0      318.0
     932.0      333.0
     333.0      452.0
     442.0      385.0
       9.0      184.0
     727.0      101.0
     363.0      478.0
     659.0      366.0
      41.0       21.0
     283.0      422.0
     977.0      339.0
      97.0      437.0
    1000.0      255.0
     256.0      162.0
     688.0      200.0
     650.0      415.0
     715.0      488.0
     969.0      141.0
     290.0      103.0
     454.0      128.0
     770.0      133.0
     657.0      503.0
     451.0      425.0
     593.0      252.0
     576.0      374.0
     585.0      651.0
     666.0       91.0
     203.0      578.0
     861.0      299.0
     100.0      108.0
      47.0      307.0
     694.0      480.0
     573.0      489.0
     288.0      289.0
    1011.0      428.0
     732.0      397.0
     346.0      187.0
     940.0      476.0
      16.0       59.0
      77.0      178.0
     179.0       88.0
     496.0      100.0
    1049.0      596.0
     438.0      405.0
     882.0      289.0
     833.0      376.0
     857.0      482.0
     736.0      256.0
     969.0      619.0
