<?xml version="1.0"?>
<opencv_storage>
<coins type_id="opencv-matrix">
 <rows>500</rows>
 <cols>1</cols>
 <dt>"2f"</dt>
 <data>
      72.0      242.0
    1009.0      388.0
     969.0      108.0
     504.0      406.0
     458.0      654.0
     787.0      217.0
     773.0       83.0
     507.0      520.0
     197.0      457.0
      37.0      292.0
     285.0       76.0
      63.0      198.0
     434.0      544.0
     523.0      525.0
     722.0      392.0
     772.0      522.0
     502.0      451.0
     315.0      234.0
      38.0       29.0
    1025.0      578.0
     725.0      502.0
     995.0      446.0
     270.0      667.0
    1000.0      364.0
     169.0      369.0
     366.0      607.0
     862.0      366.0
     717.0       80.0
     799.0      584.0
     962.0      166.0
     215.0      399.0
     823.0      166.0
     728.0      558.0
     672.0       82.0
     512.0       72.0
     155.0      145.0
    1027.0      588.0
     692.0      450.0
     121.0      150.0
     995.0      204.0
     786.0      201.0
     204.0      501.0
     645.0      293.0
     938.0      620.0
     210.0      621.0
    1007.0      368.0
     735.0      596.0
     581.0      504.0
      99.0      467.0
     922.0      235.0
     984.0      269.0
     938.0      529.0
     229.0       69.0
     577.0      388.0
     849.0      121.0
     516.0      654.0
     933.0      365.0
     138.0      199.0
    1006.0      299.0
     974.0      304.0
     943.0      449.0
    1023.0      543.0
    1033.0      538.0
     751.0      595.0
     863.0      625.0
     103.0      439.0
     986.0      294.0
     354.0       86.0
     686.0      306.0
     794.0      436.0
     316.0      218.0
     832.0      108.0
     969.0      277.0
    1024.0      532.0
     931.0      376.0
     357.0      534.0
     184.0      666.0
     334.0      455.0
    1039.0      603.0
      86.0      165.0
     755.0      306.0
     929.0      283.0
     794.0      121.0
     655.0      570.0
     541.0      524.0
     208.0      474.0
    1005.0      486.0
     426.0      166.0
     723.0      433.0
      50.0      269.0
     860.0      353.0
     524.0      305.0
     125.0      573.0
     748.0      634.0
       0.0      229.0
     471.0      451.0
     148.0      510.0
     151.0      194.0
     121.0       27.0
     999.0      300.0
     925.0      217.0
     919.0      377.0
     832.0      450.0
     258.0      353.0
     858.0      277.0
     163.0      298.0
     726.0       79.0
    1006.0      460.0
     785.0      229.0
     326.0       75.0
     416.0      141.0
     717.0      244.0
     264.0      180.0
     683.0      378.0
     163.0       38.0
     212.0      646.0
     988.0      448.0
     108.0      350.0
      53.0       90.0
    1005.0      218.0
    1003.0      615.0
     230.0      148.0
     649.0      350.0
     142.0      184.0
     285.0      167.0
     281.0      445.0
     755.0      522.0
     613.0      379.0
      75.0      142.0
    1017.0      510.0
     652.0      234.0
     933.0      399.0
     991.0      517.0
     360.0      597.0
    1028.0      596.0
     672.0      377.0
     241.0      669.0
      42.0      110.0
     970.0      147.0
     874.0      378.0
     883.0      306.0
     282.0      604.0
     572.0      200.0
     576.0      378.0
     791.0      327.0
     472.0      526.0
     996.0      262.0
      84.0      544.0
    1008.0      404.0
     561.0      162.0
      74.0       59.0
     952.0      165.0
     449.0      379.0
    1040.0      548.0
     832.0      519.0
      98.0      585.0
     805.0      235.0
     649.0      390.0
     635.0      305.0
     461.0      165.0
     879.0      168.0
     369.0      235.0
     572.0      263.0
     280.0      532.0
     565.0       73.0
     943.0      139.0
    1016.0      583.0
     354.0      353.0
    1040.0      525.0
      42.0      186.0
     806.0      165.0
     267.0      373.0
     188.0       33.0
      65.0      470.0
     850.0      626.0
     784.0      127.0
     630.0      451.0
     765.0      166.0
     174.0      108.0
     650.0      441.0
     218.0       44.0
     160.0       71.0
     202.0      429.0
     294.0      380.0
     933.0      412.0
      90.0      246.0
     941.0      102.0
     119.0      343.0
    1041.0      578.0
     656.0      591.0
     881.0      626.0
      62.0      145.0
     997.0      225.0
    1012.0      432.0
      65.0      406.0
     845.0      519.0
    1001.0      338.0
    1005.0      468.0
     128.0      292.0
     189.0      148.0
      67.0      496.0
     168.0      227.0
     132.0      637.0
     339.0      218.0
     201.0      518.0
     865.0      236.0
     649.0      416.0
     199.0      386.0
      78.0      354.0
     503.0      655.0
    1030.0      608.0
    1040.0      517.0
     652.0      475.0
     997.0      285.0
     727.0      542.0
     339.0      659.0
     929.0      324.0
       2.0       25.0
     745.0      305.0
     704.0      377.0
      10.0      320.0
     572.0      647.0
     355.0      299.0
     505.0      480.0
     183.0      365.0
     856.0      231.0
     871.0      554.0
    1023.0      568.0
    1009.0      338.0
     222.0      104.0
      99.0      406.0
     945.0      376.0
    1022.0      357.0
     202.0      667.0
    1009.0      442.0
     390.0      655.0
     931.0      137.0
     768.0      635.0
     116.0      404.0
     313.0       73.0
     287.0      501.0
     871.0      573.0
      19.0      405.0
     648.0      163.0
      57.0      434.0
     960.0      136.0
    1031.0      549.0
     725.0      635.0
     353.0      321.0
     199.0      143.0
     869.0      530.0
     766.0       96.0
     663.0       92.0
     865.0      477.0
      99.0       85.0
     245.0      361.0
     246.0       50.0
     915.0      448.0
     940.0      582.0
     281.0       55.0
     132.0      531.0
     199.0      561.0
     922.0      197.0
     870.0      520.0
     642.0      191.0
     173.0      167.0
     715.0      184.0
     871.0      306.0
     695.0       79.0
     721.0      384.0
     508.0      562.0
     867.0      505.0
      18.0      139.0
     714.0      306.0
     310.0      658.0
     247.0      192.0
      70.0      399.0
    1011.0      262.0
     252.0      421.0
     633.0       71.0
     694.0      640.0
     782.0      522.0
     797.0      496.0
     614.0      647.0
     777.0      305.0
     107.0      218.0
      69.0       31.0
     149.0       92.0
     194.0      635.0
     571.0      182.0
     573.0      273.0
     544.0      652.0
     931.0      344.0
     132.0       79.0
     281.0      570.0
     430.0      352.0
    1034.0      474.0
      33.0       75.0
     110.0      533.0
     445.0       83.0
     126.0      277.0
     383.0      453.0
    1000.0      518.0
     234.0      300.0
     807.0      450.0
      10.0      217.0
    1026.0      492.0
     740.0       88.0
     680.0      134.0
     683.0       90.0
      20.0      197.0
     995.0      164.0
     560.0      451.0
     141.0      451.0
     649.0      381.0
     654.0      510.0
     209.0      634.0
     724.0      446.0
     197.0      409.0
     134.0      668.0
     823.0      520.0
     773.0      449.0
     148.0       76.0
     138.0       43.0
     858.0      264.0
     893.0      236.0
     362.0      109.0
       7.0      276.0
     854.0      184.0
     186.0       83.0
     216.0      158.0
     666.0      641.0
      48.0      442.0
     354.0      282.0
    1024.0      498.0
     865.0       92.0
     986.0      128.0
     468.0      656.0
     921.0      158.0
     182.0      442.0
     931.0      520.0
    1005.0      476.0
      94.0      327.0
     988.0      247.0
     405.0      654.0
     462.0       60.0
     497.0       59.0
    1003.0      272.0
     171.0      188.0
     940.0      556.0
      94.0      295.0
     635.0      597.0
     872.0      581.0
     398.0       87.0
     965.0      126.0
     201.0      550.0
     581.0      534.0
