<?xml version="1.0"?>
<opencv_storage>
<coins type_id="opencv-matrix">
 <rows>500</rows>
 <cols>1</cols>
 <dt>"2f"</dt>
 <data>
     812.0      246.0
     455.0      314.0
    1137.0      558.0
     829.0      268.0
     640.0      893.0
     741.0      216.0
     596.0      676.0
    1017.0      486.0
     521.0      740.0
    1173.0      743.0
     941.0      507.0
     643.0      733.0
     552.0      829.0
     669.0      520.0
    1129.0      492.0
     469.0      891.0
     933.0      383.0
     696.0      824.0
     840.0      760.0
     522.0      632.0
     737.0      865.0
     746.0      308.0
     790.0      510.0
     998.0      699.0
    1043.0      797.0
     639.0      469.0
     809.0      757.0
    1110.0      691.0
    1074.0      162.0
     676.0      762.0
     587.0      357.0
     567.0      298.0
     454.0      267.0
     687.0      325.0
     536.0      474.0
    1019.0      265.0
     364.0      224.0
     925.0      635.0
     470.0      676.0
     879.0      214.0
    1073.0      733.0
     305.0      251.0
    1021.0      526.0
    1085.0      682.0
    1045.0      415.0
     723.0      762.0
     809.0      694.0
     623.0      244.0
     869.0      790.0
     985.0      732.0
     923.0      553.0
     707.0      339.0
     496.0      355.0
     684.0      376.0
     891.0      720.0
     593.0      785.0
    1025.0      307.0
     987.0      212.0
     880.0      495.0
     958.0      514.0
     539.0      518.0
     832.0      773.0
     389.0      231.0
     758.0      260.0
     444.0      488.0
     450.0      771.0
     835.0      300.0
     849.0      256.0
     410.0      608.0
     630.0      541.0
     879.0      263.0
     698.0      671.0
    1147.0      783.0
     346.0      331.0
    1074.0      194.0
     384.0      310.0
     882.0      428.0
    1160.0      706.0
     553.0      582.0
     669.0      713.0
     704.0      364.0
     490.0      604.0
    1014.0      372.0
     964.0      553.0
     937.0      757.0
     410.0      443.0
    1104.0      400.0
     472.0      402.0
     659.0      849.0
     823.0      419.0
     950.0      184.0
    1041.0      601.0
    1062.0      630.0
     571.0      783.0
     353.0      504.0
     559.0      889.0
     620.0      336.0
     664.0      554.0
     917.0      504.0
     561.0      231.0
    1105.0      447.0
     516.0      297.0
     861.0      358.0
    1110.0      669.0
     563.0      547.0
     537.0      617.0
     742.0      495.0
     970.0      759.0
     654.0      635.0
     950.0      549.0
     610.0      795.0
     578.0      202.0
    1148.0      637.0
    1003.0      657.0
     501.0      321.0
     695.0      749.0
     442.0      612.0
     493.0      382.0
     482.0      564.0
     796.0      424.0
     421.0      357.0
     407.0      394.0
     937.0      479.0
     661.0      346.0
     879.0      380.0
     609.0      550.0
     636.0      808.0
     501.0      515.0
     871.0      596.0
     452.0      444.0
     556.0      509.0
     691.0      532.0
     954.0      746.0
     839.0      188.0
     743.0      694.0
    1111.0      426.0
     521.0      511.0
     983.0      185.0
     361.0      293.0
     896.0      247.0
     489.0      913.0
     321.0      292.0
     785.0      757.0
     692.0      476.0
     741.0      825.0
     788.0      444.0
     423.0      226.0
     643.0      292.0
     633.0      687.0
     681.0      216.0
     934.0      529.0
     430.0      546.0
     489.0      824.0
    1012.0      739.0
     760.0      570.0
     725.0      235.0
    1046.0      259.0
     875.0      760.0
     853.0      617.0
     680.0      424.0
    1089.0      479.0
     979.0      350.0
     467.0      791.0
     783.0      697.0
     647.0      832.0
    1094.0      763.0
     447.0      590.0
     507.0      564.0
    1004.0      768.0
     891.0      662.0
     888.0      829.0
     918.0      424.0
     787.0      826.0
     820.0      367.0
    1021.0      579.0
    1085.0      551.0
    1122.0      691.0
     274.0      232.0
    1054.0      201.0
     781.0      527.0
     621.0      745.0
     564.0      344.0
     526.0      710.0
     650.0      406.0
     834.0      524.0
     859.0      567.0
     582.0      869.0
    1000.0      231.0
     482.0      749.0
     836.0      710.0
     774.0      673.0
     552.0      255.0
     805.0      582.0
    1014.0      402.0
     454.0      382.0
     587.0      583.0
     936.0      245.0
     876.0      810.0
     763.0      506.0
    1043.0      533.0
     808.0      806.0
    1001.0      202.0
     967.0      690.0
     777.0      210.0
     367.0      404.0
     660.0      732.0
    1112.0      561.0
     912.0      765.0
     653.0      875.0
    1066.0      328.0
     409.0      680.0
    1000.0      416.0
     670.0      677.0
     390.0      565.0
     356.0      463.0
     913.0      598.0
     901.0      636.0
     628.0      485.0
     928.0      829.0
     550.0      730.0
     424.0      740.0
     940.0      280.0
     383.0      427.0
     753.0      622.0
     983.0      378.0
    1067.0      559.0
     900.0      798.0
    1007.0      568.0
     874.0      654.0
     719.0      534.0
     461.0      620.0
    1113.0      474.0
     786.0      800.0
    1062.0      603.0
    1066.0      674.0
    1131.0      764.0
     773.0      481.0
     463.0      750.0
     509.0      861.0
    1040.0      276.0
     998.0      355.0
    1022.0      616.0
     748.0      554.0
     917.0      364.0
     970.0      801.0
     860.0      325.0
     578.0      389.0
     297.0      309.0
     550.0      691.0
    1019.0      193.0
     694.0      410.0
     760.0      286.0
    1077.0      659.0
     646.0      263.0
     635.0      222.0
     919.0      338.0
     918.0      726.0
     890.0      752.0
    1130.0      528.0
     333.0      406.0
     625.0      849.0
     943.0      325.0
     848.0      517.0
     847.0      687.0
     590.0      454.0
     460.0      726.0
     720.0      443.0
     827.0      851.0
    1084.0      514.0
     922.0      397.0
     978.0      241.0
     616.0      642.0
     468.0      560.0
     671.0      831.0
    1000.0      475.0
     598.0      900.0
     842.0      362.0
     990.0      331.0
    1149.0      761.0
    1082.0      397.0
     472.0      285.0
     663.0      803.0
     872.0      627.0
     821.0      660.0
     595.0      710.0
     878.0      571.0
     398.0      524.0
     938.0      710.0
     627.0      407.0
    1099.0      623.0
     827.0      215.0
     462.0      514.0
     464.0      476.0
     676.0      596.0
     851.0      281.0
     558.0      441.0
     444.0      210.0
     989.0      520.0
     730.0      704.0
     294.0      270.0
     754.0      855.0
     431.0      518.0
     826.0      599.0
    1056.0      390.0
     770.0      855.0
     727.0      422.0
     804.0      718.0
     971.0      779.0
     546.0      776.0
     643.0      582.0
     851.0      782.0
     913.0      807.0
     599.0      563.0
    1100.0      581.0
     862.0      674.0
     608.0      874.0
     577.0      224.0
     772.0      249.0
    1093.0      338.0
     898.0      179.0
    1071.0      377.0
    1053.0      284.0
     888.0      609.0
     995.0      291.0
     682.0      345.0
     961.0      367.0
    1152.0      666.0
     818.0      517.0
    1057.0      361.0
     585.0      332.0
     594.0      849.0
     772.0      397.0
     429.0      678.0
     851.0      821.0
     988.0      801.0
     606.0      423.0
     775.0      782.0
     931.0      358.0
     934.0      789.0
    1050.0      706.0
     862.0      394.0
     644.0      506.0
     673.0      464.0
     889.0      545.0
     726.0      302.0
     907.0      448.0
     741.0      275.0
     536.0      567.0
     898.0      217.0
    1009.0      278.0
     999.0      546.0
     735.0      632.0
     512.0      824.0
     971.0      494.0
     808.0      453.0
     983.0      547.0
    1037.0      709.0
