<?xml version="1.0"?>
<opencv_storage>
<coins type_id="opencv-matrix">
 <rows>500</rows>
 <cols>1</cols>
 <dt>"2f"</dt>
 <data>
     851.0      484.0
     289.0      708.0
     749.0      429.0
     753.0      651.0
     701.0      204.0
     268.0      320.0
     728.0      308.0
     453.0      626.0
     700.0      156.0
     631.0      502.0
     307.0      347.0
     566.0      297.0
     563.0      217.0
     976.0      485.0
     879.0       94.0
     845.0      648.0
     316.0      699.0
     559.0      181.0
     917.0      201.0
     756.0      589.0
     552.0      347.0
     683.0      290.0
     980.0      381.0
     501.0      268.0
     498.0      148.0
     749.0      216.0
     222.0      277.0
     944.0      237.0
     995.0      314.0
    1020.0      490.0
     303.0      521.0
     831.0      472.0
     605.0      350.0
     430.0      466.0
     164.0      279.0
     896.0      408.0
     202.0      410.0
     245.0      576.0
     459.0      340.0
     645.0      593.0
     867.0      204.0
     360.0      203.0
     856.0      569.0
     873.0      125.0
     497.0      378.0
     375.0      290.0
     526.0      688.0
     271.0      562.0
     724.0      471.0
     489.0      226.0
     680.0       95.0
     600.0      103.0
     589.0      259.0
     495.0      289.0
     549.0      324.0
     140.0      142.0
     486.0      717.0
     288.0      176.0
     805.0      332.0
     948.0      217.0
     352.0      311.0
     330.0      486.0
     758.0      142.0
     900.0      342.0
    1044.0      592.0
     485.0      243.0
     302.0      480.0
     724.0      135.0
     345.0      703.0
     586.0      517.0
     687.0      569.0
     392.0      385.0
     350.0      239.0
     175.0      366.0
     778.0      354.0
     474.0      390.0
     587.0      340.0
     617.0      505.0
     815.0      402.0
     629.0      430.0
     179.0      105.0
     363.0      638.0
     903.0      398.0
     978.0      623.0
     262.0      116.0
     971.0      319.0
     440.0      628.0
     303.0      379.0
     704.0      118.0
     523.0      555.0
     513.0      632.0
     375.0      618.0
     594.0      317.0
     846.0      176.0
     848.0      150.0
     199.0      176.0
     852.0      266.0
     302.0      262.0
     669.0      513.0
     633.0      377.0
     438.0      115.0
     656.0      165.0
     492.0      656.0
     216.0      435.0
     796.0      617.0
     505.0      250.0
     327.0      736.0
     888.0      256.0
     532.0      385.0
     925.0      124.0
     512.0      570.0
     424.0      222.0
     295.0      318.0
     798.0      631.0
     366.0      602.0
     733.0      107.0
     912.0      506.0
     979.0      276.0
     422.0      119.0
     643.0      650.0
     230.0      525.0
     408.0      375.0
     213.0      300.0
     125.0      156.0
     874.0      600.0
     839.0      123.0
     838.0      559.0
     489.0      403.0
     514.0      389.0
     263.0      526.0
    1012.0      369.0
     743.0      455.0
     168.0      219.0
     600.0      661.0
     901.0      190.0
     231.0      212.0
     781.0      234.0
     811.0      652.0
     248.0      387.0
     170.0      163.0
     839.0      456.0
     653.0      396.0
     910.0      518.0
     744.0      369.0
     700.0      583.0
    1006.0      542.0
     551.0      305.0
     801.0      508.0
    1042.0      576.0
     950.0      264.0
     865.0      173.0
     255.0      606.0
     718.0      249.0
     648.0      254.0
     713.0      356.0
     468.0      693.0
     931.0      187.0
    1022.0      513.0
     668.0      365.0
     368.0      407.0
     541.0      545.0
     253.0      269.0
     327.0      245.0
     651.0      577.0
     233.0      364.0
     389.0      360.0
     783.0      260.0
     705.0      506.0
     382.0      184.0
     388.0      402.0
     595.0      462.0
     974.0      360.0
     846.0      111.0
     911.0      623.0
     365.0      249.0
     408.0      626.0
     869.0      250.0
     542.0      566.0
     122.0      113.0
     403.0      165.0
     686.0      181.0
     949.0      126.0
     499.0      167.0
     698.0      458.0
     995.0      355.0
     528.0      596.0
    1020.0      566.0
     853.0      445.0
     275.0      545.0
     577.0      596.0
     945.0      156.0
     588.0      698.0
     788.0      207.0
     330.0      276.0
     668.0      182.0
     854.0      467.0
     920.0      601.0
     583.0      106.0
     352.0      424.0
     231.0      243.0
     957.0      543.0
     381.0      227.0
     765.0      272.0
     985.0      290.0
     624.0      289.0
     287.0      111.0
     744.0      501.0
     820.0      333.0
     469.0      674.0
     808.0      565.0
     922.0      547.0
     945.0      287.0
     894.0      631.0
     788.0      564.0
     676.0      316.0
     813.0      203.0
     526.0      222.0
     946.0      198.0
     673.0      297.0
     389.0      567.0
     277.0      672.0
     234.0      398.0
     860.0      609.0
     642.0      146.0
     567.0      700.0
     636.0      684.0
     509.0      221.0
     791.0      391.0
     771.0      168.0
     806.0      138.0
     614.0      399.0
     851.0      247.0
     745.0      670.0
     537.0      449.0
     331.0      162.0
     823.0      314.0
     891.0      558.0
     618.0      417.0
     783.0       92.0
     723.0      671.0
     888.0      573.0
     793.0      602.0
     655.0      204.0
     845.0      545.0
     389.0      427.0
     290.0      653.0
     873.0      267.0
     114.0      191.0
     797.0      184.0
     566.0      452.0
     651.0      283.0
     231.0      321.0
     915.0      228.0
     484.0      530.0
     439.0      721.0
     230.0      134.0
     525.0      416.0
     690.0      676.0
     274.0      480.0
     174.0      259.0
     686.0      551.0
     807.0      551.0
     310.0      290.0
     740.0      592.0
     566.0      164.0
     340.0      684.0
     568.0      328.0
     456.0      506.0
     186.0      385.0
     993.0      397.0
     799.0      284.0
     507.0      284.0
     926.0      517.0
     946.0      627.0
     207.0      109.0
     381.0      315.0
     988.0      332.0
    1010.0      400.0
     636.0      230.0
     732.0      278.0
     862.0      585.0
     464.0      283.0
     745.0      480.0
    1014.0      513.0
     500.0      616.0
     577.0      488.0
     724.0      220.0
     418.0      514.0
     418.0      316.0
    1022.0      473.0
     730.0      339.0
     767.0      613.0
     801.0      311.0
     507.0      673.0
     541.0      151.0
     299.0      102.0
     659.0      668.0
     836.0      504.0
     910.0      484.0
     310.0      505.0
     603.0      676.0
     472.0      461.0
     958.0       87.0
     739.0      641.0
     260.0      191.0
     753.0      355.0
     666.0      557.0
     718.0       98.0
     222.0      502.0
     846.0      300.0
     762.0      104.0
     945.0      480.0
     450.0      242.0
     955.0      167.0
     891.0      381.0
     765.0      493.0
     769.0      640.0
     487.0      624.0
    1026.0      587.0
     204.0      216.0
     514.0      436.0
     889.0      203.0
     467.0      264.0
     574.0      556.0
     890.0      592.0
     332.0      519.0
     856.0      218.0
     198.0      237.0
     646.0      541.0
     897.0      127.0
     818.0      165.0
    1027.0      614.0
     898.0      154.0
     829.0      419.0
     798.0      377.0
     715.0      490.0
     978.0      307.0
     335.0      433.0
     620.0      228.0
     938.0      546.0
     432.0      377.0
     607.0      283.0
     420.0      363.0
    1016.0      446.0
     902.0      365.0
     689.0      310.0
     260.0      139.0
     900.0       91.0
     725.0      598.0
     574.0      199.0
     223.0      153.0
     527.0      307.0
     384.0      589.0
     961.0      530.0
     356.0      577.0
     995.0      251.0
     515.0      186.0
