<?xml version="1.0"?>
<opencv_storage>
<coins type_id="opencv-matrix">
 <rows>500</rows>
 <cols>1</cols>
 <dt>"2f"</dt>
 <data>
       0.0      444.0
     388.0      253.0
     216.0      400.0
     994.0      109.0
     493.0      674.0
    1274.0      371.0
     635.0       65.0
     892.0      469.0
      22.0       52.0
      30.0      773.0
    1223.0      391.0
     177.0      122.0
    1150.0      228.0
     719.0      615.0
     963.0      450.0
     159.0      589.0
     902.0      619.0
     934.0      541.0
     730.0      554.0
    1231.0      741.0
     573.0      370.0
     401.0      796.0
    1069.0      211.0
     572.0      427.0
      22.0      824.0
     466.0      112.0
     437.0      434.0
     506.0      552.0
      24.0      223.0
     258.0        4.0
    1203.0      863.0
    1187.0      111.0
     123.0      405.0
    1012.0      622.0
     516.0      347.0
     123.0      201.0
    1134.0      732.0
     947.0      646.0
    1108.0      645.0
     474.0      554.0
     213.0      164.0
     656.0      666.0
    1301.0      737.0
    1028.0      161.0
     135.0      471.0
    1081.0      122.0
     712.0      409.0
     538.0      506.0
     165.0      794.0
     272.0      574.0
     406.0      103.0
    1299.0      614.0
     445.0      325.0
     315.0      875.0
     403.0      595.0
     716.0      122.0
    1219.0      272.0
     300.0        3.0
     933.0      123.0
     939.0      864.0
     298.0       29.0
     893.0      665.0
    1352.0      205.0
    1076.0      714.0
     857.0       64.0
     613.0      640.0
     577.0       16.0
    1269.0      431.0
     333.0      148.0
     335.0      743.0
     958.0       97.0
    1187.0      331.0
     832.0       32.0
     299.0      605.0
      44.0      616.0
     398.0      724.0
     409.0      184.0
     975.0      527.0
    1225.0      833.0
    1084.0      670.0
     629.0      428.0
     620.0      749.0
     349.0      249.0
    1176.0      883.0
     521.0      157.0
    1048.0      428.0
     994.0      145.0
    1325.0      536.0
     246.0       47.0
     596.0      157.0
     299.0      758.0
     552.0       86.0
     695.0      350.0
     847.0      490.0
     822.0      550.0
     669.0      264.0
    1051.0       99.0
     478.0      183.0
     481.0       90.0
     464.0      406.0
     609.0       94.0
    1082.0      878.0
    1005.0      203.0
     701.0      536.0
     627.0      247.0
      61.0      351.0
      71.0      195.0
     276.0      231.0
    1265.0      695.0
    1306.0      119.0
     390.0      161.0
     165.0      223.0
     322.0      525.0
     492.0      646.0
     118.0      367.0
     650.0      297.0
     357.0      392.0
     955.0       40.0
    1350.0      851.0
    1205.0      371.0
     916.0       92.0
    1290.0      713.0
     740.0      495.0
     140.0      520.0
     694.0      294.0
     120.0      431.0
     246.0      645.0
      96.0      309.0
     866.0      551.0
     843.0      531.0
     703.0      753.0
      26.0       86.0
    1224.0      881.0
    1211.0      638.0
     335.0      356.0
     354.0      452.0
      86.0      530.0
     209.0      639.0
     387.0       75.0
     668.0      850.0
     382.0      432.0
    1020.0      546.0
     979.0       73.0
     838.0      791.0
    1235.0      531.0
     858.0      253.0
     745.0      316.0
      29.0      368.0
     895.0      697.0
     436.0      534.0
    1098.0      200.0
    1349.0      270.0
    1259.0      284.0
    1059.0      814.0
    1121.0      326.0
    1016.0      775.0
       0.0      387.0
    1157.0      271.0
    1266.0      733.0
     437.0      778.0
     199.0      344.0
     309.0      705.0
     512.0      251.0
    1136.0      594.0
     663.0      512.0
     941.0      161.0
     285.0      503.0
     588.0      548.0
    1170.0      711.0
     491.0      873.0
     298.0      435.0
     936.0      888.0
     280.0      408.0
     406.0       28.0
    1285.0      837.0
     356.0      689.0
    1021.0      267.0
     686.0      223.0
     910.0      834.0
     813.0      307.0
     630.0      209.0
     958.0      325.0
     639.0       28.0
    1255.0      629.0
    1003.0      383.0
     856.0      302.0
     419.0      396.0
    1224.0      228.0
     864.0      188.0
     902.0      597.0
    1074.0      492.0
    1261.0      215.0
     104.0      499.0
     764.0      764.0
     828.0      639.0
     571.0      731.0
     418.0      868.0
    1261.0      306.0
     552.0      705.0
     786.0      132.0
       9.0      286.0
     193.0      845.0
     206.0       15.0
     191.0      699.0
    1025.0      246.0
     879.0       86.0
     361.0      511.0
      77.0      475.0
    1128.0      177.0
     259.0      527.0
     329.0      636.0
      29.0      525.0
     809.0      814.0
    1267.0      485.0
     854.0      334.0
     796.0      664.0
     798.0      273.0
     944.0      195.0
     195.0      464.0
     284.0       79.0
     450.0      213.0
     882.0      155.0
      57.0      129.0
     971.0      274.0
     759.0      290.0
      42.0      428.0
     702.0      182.0
      99.0      576.0
      80.0      163.0
     258.0      830.0
    1070.0      467.0
     846.0      273.0
     231.0      292.0
     235.0      622.0
     382.0      308.0
     212.0      582.0
    1282.0      657.0
    1222.0      482.0
     966.0      778.0
     814.0      720.0
    1000.0      469.0
     610.0      523.0
    1254.0      506.0
    1055.0      776.0
     168.0      562.0
     878.0      882.0
     705.0      330.0
     855.0      660.0
     471.0      503.0
     907.0      256.0
     557.0      613.0
     832.0      877.0
    1257.0      816.0
    1313.0      680.0
    1295.0      105.0
    1217.0      786.0
     902.0      644.0
       4.0      645.0
    1165.0      824.0
     139.0      257.0
     594.0      278.0
     628.0      320.0
     938.0      741.0
     802.0      392.0
    1109.0      858.0
      18.0      200.0
     276.0      854.0
    1120.0      433.0
    1201.0      254.0
     959.0      292.0
     810.0      217.0
     256.0      388.0
     384.0      669.0
    1089.0      307.0
     703.0      379.0
    1345.0      659.0
     843.0      843.0
     379.0      849.0
    1102.0      360.0
     390.0       10.0
    1102.0      245.0
     522.0      487.0
     204.0      536.0
     816.0       86.0
    1359.0      719.0
     473.0      737.0
     380.0      540.0
     669.0      608.0
     599.0      470.0
     734.0      797.0
     751.0      681.0
    1061.0      543.0
     121.0      134.0
     455.0      355.0
     524.0      392.0
     430.0      162.0
      84.0      608.0
     300.0      675.0
     534.0       42.0
     973.0      505.0
    1320.0      810.0
    1109.0      471.0
     875.0      411.0
     680.0      132.0
     831.0      582.0
    1004.0      228.0
    1277.0      410.0
    1192.0      595.0
     592.0      235.0
     705.0       32.0
     635.0      471.0
     333.0      280.0
    1288.0      462.0
     475.0      532.0
    1162.0      479.0
    1057.0      367.0
     147.0      826.0
     540.0      105.0
    1347.0       94.0
    1174.0      378.0
    1287.0      533.0
     341.0      597.0
    1340.0      170.0
     167.0       73.0
      15.0      497.0
    1181.0      732.0
    1003.0      433.0
     598.0      608.0
      69.0      779.0
     171.0      624.0
     543.0      640.0
     575.0      256.0
      70.0      326.0
    1153.0      460.0
    1198.0      158.0
    1180.0      670.0
     531.0      301.0
     126.0      742.0
     833.0      200.0
    1039.0      133.0
     492.0      442.0
    1086.0      161.0
     506.0      778.0
    1027.0      399.0
     460.0      621.0
     778.0      254.0
     558.0      182.0
     330.0      478.0
     615.0       43.0
     214.0      108.0
    1111.0       98.0
     392.0      617.0
     237.0      135.0
     258.0      748.0
      88.0      278.0
     248.0      456.0
     532.0      752.0
