<?xml version="1.0"?>
<opencv_storage>
<coins type_id="opencv-matrix">
 <rows>500</rows>
 <cols>1</cols>
 <dt>"2f"</dt>
 <data>
     550.0       80.0
     257.0      427.0
     721.0      325.0
     655.0      138.0
     798.0      484.0
     536.0      584.0
     475.0      603.0
     640.0      250.0
      84.0      240.0
     394.0      267.0
     596.0      673.0
     576.0      244.0
     458.0      555.0
     466.0      411.0
     142.0      623.0
     924.0      363.0
     223.0      776.0
     345.0      144.0
       6.0       92.0
     143.0      483.0
     404.0      145.0
     565.0      462.0
     332.0      652.0
     185.0      440.0
     846.0      577.0
     637.0      730.0
     131.0      429.0
     554.0      448.0
     190.0      693.0
     113.0       76.0
     918.0      623.0
     702.0      276.0
     279.0      491.0
     302.0      240.0
     203.0      300.0
     588.0      264.0
     138.0      414.0
     800.0      442.0
     604.0      178.0
     912.0      384.0
     171.0      183.0
     319.0      614.0
      44.0      496.0
      37.0      537.0
     510.0      180.0
     419.0      714.0
     770.0      235.0
     986.0      609.0
     386.0      193.0
     290.0      187.0
     918.0      333.0
     513.0      374.0
     679.0      238.0
     371.0      726.0
     845.0      479.0
     914.0      664.0
      89.0      332.0
     363.0      190.0
     140.0       95.0
     935.0       96.0
     501.0      354.0
      85.0      426.0
     308.0      741.0
     153.0      222.0
     754.0      168.0
     453.0      198.0
     413.0      239.0
     865.0      681.0
     938.0      655.0
     144.0      739.0
      54.0      186.0
     954.0      520.0
     977.0      159.0
     925.0      306.0
     202.0      324.0
     750.0      195.0
     688.0      240.0
     885.0       48.0
     941.0      112.0
     507.0      420.0
     426.0      784.0
     359.0      210.0
     167.0      662.0
     387.0      591.0
     250.0      650.0
     707.0      545.0
     708.0      627.0
     791.0      776.0
     248.0      785.0
     795.0      297.0
     869.0      741.0
     620.0      625.0
     381.0      254.0
     826.0      156.0
     566.0      728.0
     783.0      575.0
     487.0      384.0
     698.0      159.0
     300.0      688.0
     724.0      530.0
     121.0      579.0
     837.0      662.0
     497.0      215.0
     593.0      552.0
     473.0      412.0
     874.0      524.0
     873.0      220.0
     409.0      624.0
     187.0      128.0
    1014.0      345.0
     971.0      204.0
     585.0      658.0
     732.0      659.0
     987.0       86.0
     460.0      285.0
     985.0      487.0
     816.0      555.0
     774.0      414.0
     373.0      384.0
     911.0      463.0
     541.0      559.0
     155.0      385.0
     286.0      213.0
     327.0      439.0
     135.0      212.0
     232.0      577.0
     398.0      222.0
     352.0      151.0
     149.0      604.0
     334.0      506.0
     235.0      414.0
     267.0      623.0
     530.0      627.0
     933.0      544.0
     576.0      514.0
    1127.0      369.0
     898.0      518.0
      14.0       78.0
     945.0      437.0
     978.0      511.0
     692.0      451.0
     122.0      295.0
     393.0       82.0
     744.0      684.0
     172.0      159.0
     306.0      289.0
     263.0      563.0
     630.0      127.0
     689.0      259.0
     573.0      443.0
     803.0      688.0
     434.0      326.0
     441.0      733.0
      45.0      363.0
      67.0      428.0
     591.0      348.0
     472.0      229.0
     802.0       88.0
     340.0      370.0
     855.0      762.0
     473.0      691.0
     343.0       93.0
     958.0      193.0
     116.0      382.0
     407.0      431.0
     954.0       53.0
     364.0      614.0
     894.0      456.0
     312.0      111.0
     307.0      465.0
     722.0      367.0
     554.0      167.0
     838.0      237.0
     696.0      732.0
     630.0      199.0
     584.0      472.0
     858.0      553.0
     946.0      773.0
     444.0      677.0
     414.0       70.0
     387.0      102.0
      92.0      629.0
     217.0      469.0
     977.0      434.0
     442.0      267.0
     164.0       90.0
     573.0      156.0
     453.0      522.0
     265.0      324.0
     846.0      348.0
     297.0      495.0
     763.0      671.0
     498.0      747.0
     534.0       77.0
      55.0      526.0
     341.0       70.0
     757.0      129.0
     988.0      161.0
     412.0      132.0
     779.0      664.0
     365.0      163.0
     662.0      488.0
     837.0      636.0
     600.0      555.0
     116.0      498.0
     422.0      464.0
     136.0      717.0
     811.0      439.0
     509.0      773.0
     934.0      608.0
     757.0      292.0
     994.0      316.0
     184.0      629.0
     420.0      481.0
     628.0      517.0
     663.0      426.0
     582.0      313.0
     456.0      634.0
     672.0      656.0
     657.0      656.0
     779.0      316.0
     364.0      404.0
     870.0      320.0
     912.0      531.0
     611.0      757.0
     254.0      552.0
     457.0      301.0
     629.0      573.0
     860.0      522.0
     847.0      377.0
     221.0      716.0
     398.0      709.0
     327.0      337.0
     884.0      634.0
     220.0      745.0
     261.0      273.0
     258.0      327.0
     203.0      271.0
     868.0      595.0
     850.0      723.0
     664.0      384.0
     735.0      487.0
     911.0      776.0
     607.0      238.0
     133.0      696.0
     664.0      211.0
     629.0      615.0
     360.0      298.0
     931.0      570.0
     381.0      463.0
     134.0      525.0
     181.0      296.0
     593.0      748.0
      18.0      292.0
     645.0      150.0
     412.0      736.0
     181.0       98.0
     439.0      104.0
      25.0      241.0
     797.0      119.0
     258.0      306.0
     779.0      257.0
     391.0      543.0
     410.0      377.0
     137.0      777.0
     691.0      763.0
     735.0      450.0
    1018.0      124.0
     400.0      433.0
     624.0      782.0
     975.0      635.0
     275.0      704.0
     326.0      119.0
     925.0      226.0
     316.0      546.0
      73.0      470.0
     131.0      472.0
     820.0      506.0
     111.0      624.0
     749.0      735.0
     489.0      215.0
     230.0      225.0
     683.0      543.0
     961.0      470.0
     430.0      516.0
     219.0      664.0
     846.0      207.0
      27.0      116.0
     968.0      267.0
     110.0      406.0
     494.0      734.0
     468.0       95.0
     996.0      452.0
     171.0      721.0
     194.0      726.0
     355.0      344.0
     484.0      705.0
     522.0      742.0
     839.0      315.0
     987.0      361.0
     728.0      421.0
     687.0      343.0
      16.0      432.0
     697.0      492.0
     453.0      175.0
     868.0       65.0
     657.0      675.0
     127.0      551.0
     673.0      213.0
     631.0      104.0
     321.0      463.0
     101.0      262.0
     468.0      598.0
     774.0      763.0
      12.0      357.0
     332.0      536.0
     861.0      395.0
       4.0      336.0
     613.0      631.0
    1004.0      424.0
       5.0      243.0
     502.0      152.0
     357.0      415.0
     500.0      330.0
     633.0      712.0
     312.0      370.0
     539.0      131.0
     842.0      287.0
     606.0       76.0
     660.0      533.0
     876.0      545.0
     902.0      515.0
     709.0      300.0
     919.0      196.0
     430.0      683.0
     893.0      690.0
     325.0      111.0
     580.0      243.0
       9.0      193.0
     178.0      606.0
     903.0      392.0
     289.0      616.0
     434.0      644.0
      58.0      468.0
     133.0      661.0
     770.0       88.0
    1019.0      549.0
     672.0      365.0
     248.0      681.0
     258.0      521.0
     232.0       92.0
     930.0      262.0
     565.0      634.0
     603.0      593.0
     140.0      560.0
     404.0      780.0
     647.0      282.0
