<?xml version="1.0"?>
<opencv_storage>
<coins type_id="opencv-matrix">
 <rows>500</rows>
 <cols>1</cols>
 <dt>"2f"</dt>
 <data>
     536.0      129.0
     477.0      447.0
     708.0      126.0
     508.0      530.0
     397.0       11.0
     342.0      493.0
      97.0      581.0
     962.0      585.0
     357.0      303.0
     909.0      592.0
     487.0      140.0
     562.0      482.0
     599.0       16.0
     622.0      553.0
     996.0      489.0
     606.0      487.0
     207.0      582.0
       0.0      296.0
     627.0       74.0
     164.0      290.0
     937.0      381.0
     564.0       85.0
     816.0      587.0
     942.0      305.0
     522.0      512.0
     477.0      568.0
     592.0      291.0
     157.0      405.0
     671.0      176.0
     754.0       41.0
     508.0      433.0
     190.0      539.0
     350.0      404.0
     749.0      113.0
     817.0       86.0
     446.0       16.0
     716.0       59.0
     581.0      483.0
     707.0      437.0
     653.0       74.0
     462.0      110.0
     239.0      509.0
     632.0       46.0
     722.0      594.0
     439.0      466.0
     932.0      217.0
     520.0       91.0
     604.0      200.0
     539.0      294.0
     955.0      271.0
      52.0      471.0
     838.0      101.0
     955.0      224.0
     679.0      446.0
     283.0      550.0
     696.0      481.0
     902.0      139.0
     323.0      319.0
     936.0       84.0
     343.0      587.0
     300.0      160.0
      90.0      601.0
     265.0      439.0
     292.0      498.0
     141.0      388.0
     151.0      537.0
    1004.0      572.0
      97.0        4.0
     920.0      211.0
      72.0      577.0
     620.0      487.0
     407.0      592.0
     476.0      420.0
     487.0       48.0
     602.0      425.0
     256.0      374.0
     491.0       30.0
     476.0      506.0
     678.0      194.0
     541.0      310.0
     407.0      434.0
     520.0       54.0
     299.0      423.0
     572.0      598.0
     327.0      527.0
     404.0       56.0
     982.0      351.0
      85.0      334.0
     383.0       65.0
     370.0      349.0
     955.0       82.0
     922.0      107.0
     543.0      360.0
     481.0      338.0
    1001.0      545.0
       0.0      554.0
     721.0      107.0
     675.0      121.0
     676.0      328.0
     459.0       75.0
     413.0      541.0
     930.0      297.0
     483.0      463.0
     586.0       30.0
     655.0      494.0
     273.0      388.0
     699.0      433.0
     441.0      190.0
     900.0      208.0
     491.0      595.0
     844.0      118.0
     736.0      288.0
     339.0       49.0
     786.0      231.0
     548.0      555.0
     452.0      494.0
      97.0      462.0
     242.0      602.0
     549.0      545.0
     152.0      254.0
     318.0      497.0
     245.0      454.0
     431.0      455.0
     636.0      212.0
     535.0      393.0
     263.0      549.0
     112.0      585.0
     601.0      126.0
     204.0      415.0
     217.0      488.0
     656.0      118.0
     978.0      380.0
     205.0      601.0
     865.0      588.0
     963.0      335.0
     668.0      512.0
     783.0      105.0
     914.0      134.0
     514.0      337.0
     781.0       90.0
     567.0      432.0
     622.0      213.0
     959.0      343.0
     727.0      477.0
     592.0      485.0
     410.0      387.0
      56.0      129.0
     963.0      363.0
       7.0      478.0
     793.0      583.0
     369.0      466.0
      14.0      507.0
     541.0      286.0
     304.0      543.0
     444.0      485.0
     576.0      306.0
     280.0      434.0
     765.0      269.0
     509.0       64.0
     858.0       60.0
     857.0      115.0
     502.0      317.0
     742.0       75.0
     250.0      435.0
     694.0      297.0
     105.0      498.0
     892.0      192.0
     533.0      423.0
      16.0      315.0
     897.0      166.0
     501.0      160.0
     960.0      285.0
     592.0      316.0
     961.0      169.0
     463.0      547.0
     443.0       59.0
     731.0      144.0
     968.0      487.0
     122.0      309.0
     956.0      428.0
     160.0      428.0
     670.0      527.0
     684.0      314.0
     651.0      220.0
     911.0      106.0
     329.0      548.0
     701.0      280.0
     740.0      447.0
      61.0      203.0
     975.0      502.0
     782.0      174.0
     232.0      496.0
    1004.0      556.0
     428.0        0.0
     158.0      590.0
     301.0      570.0
     949.0      108.0
     355.0      314.0
     241.0      223.0
     194.0      417.0
     313.0      570.0
     965.0      383.0
     200.0      530.0
     498.0      497.0
      65.0      559.0
     178.0      590.0
     581.0       96.0
     497.0      234.0
     577.0      448.0
     434.0      547.0
     555.0      585.0
     747.0      431.0
     446.0      582.0
     310.0      401.0
     580.0      134.0
      93.0      546.0
     342.0      542.0
     482.0       91.0
     990.0      551.0
     650.0       60.0
     751.0       96.0
     317.0      291.0
     646.0       22.0
     725.0       72.0
     835.0      584.0
     572.0      342.0
     466.0      457.0
     728.0      448.0
     509.0      540.0
     630.0      281.0
     937.0      238.0
     726.0      126.0
     655.0      552.0
     950.0      200.0
     734.0      275.0
     566.0      422.0
     977.0      445.0
     628.0      365.0
     358.0      416.0
     290.0      576.0
     718.0      582.0
     745.0      333.0
     655.0      522.0
     912.0      124.0
     324.0      165.0
     827.0      101.0
     941.0      371.0
     360.0      459.0
      49.0      485.0
     699.0      340.0
      67.0      590.0
     732.0      116.0
     940.0      287.0
     414.0      425.0
     717.0      192.0
     603.0      293.0
      30.0      499.0
     357.0      580.0
      65.0      156.0
     667.0      384.0
     547.0      481.0
     672.0      590.0
     718.0      223.0
     740.0      410.0
      52.0      289.0
     432.0      360.0
      46.0      582.0
     669.0      487.0
     573.0       29.0
     566.0      275.0
     680.0      462.0
     680.0      337.0
     378.0      366.0
     923.0       81.0
     918.0      191.0
      53.0      552.0
     577.0       84.0
     443.0      278.0
     467.0      178.0
     783.0       67.0
     826.0      588.0
     544.0        5.0
     611.0      418.0
     470.0      301.0
     615.0      543.0
     948.0      255.0
     695.0       32.0
     766.0      590.0
      62.0       94.0
     979.0      568.0
     946.0      420.0
     672.0      135.0
     520.0      549.0
     984.0      469.0
     908.0      165.0
     950.0      363.0
     947.0      590.0
     739.0      320.0
     885.0       66.0
     357.0      444.0
     366.0      572.0
     889.0      100.0
     298.0      598.0
     974.0      585.0
     959.0      251.0
     983.0      531.0
     978.0      434.0
     947.0      215.0
     568.0       97.0
     393.0      208.0
     466.0      512.0
     648.0      592.0
     594.0      447.0
     257.0      333.0
     981.0      426.0
     633.0      417.0
     421.0       52.0
     637.0      491.0
     452.0      402.0
     954.0       94.0
     612.0      356.0
     537.0      186.0
     905.0       96.0
     938.0      362.0
     269.0      592.0
     970.0      235.0
     424.0      479.0
     937.0      106.0
     323.0       51.0
     543.0      439.0
     415.0      137.0
     312.0      532.0
     710.0      209.0
     549.0      520.0
     532.0      590.0
     640.0      157.0
     963.0      541.0
     616.0      367.0
     336.0      501.0
     419.0      597.0
      76.0      228.0
     334.0      256.0
     586.0       12.0
     770.0       72.0
     918.0       61.0
     692.0      215.0
     540.0      258.0
     960.0      216.0
     956.0      146.0
     590.0       58.0
     995.0      534.0
     750.0      468.0
     562.0      468.0
     330.0      599.0
     291.0       57.0
     960.0      391.0
     952.0      298.0
