<?xml version="1.0"?>
<opencv_storage>
<coins type_id="opencv-matrix">
 <rows>500</rows>
 <cols>1</cols>
 <dt>"2f"</dt>
 <data>
     227.0      516.0
     261.0      427.0
     509.0      253.0
     240.0       46.0
     424.0       28.0
     395.0       60.0
     503.0       35.0
     208.0      646.0
     130.0      274.0
     512.0      399.0
     568.0       89.0
     359.0      529.0
     225.0      224.0
     441.0      134.0
     210.0      185.0
     685.0      382.0
     625.0      284.0
     418.0      451.0
     655.0      436.0
     174.0      557.0
     670.0      226.0
     654.0      165.0
     532.0      147.0
     688.0      425.0
     372.0       45.0
     296.0      539.0
     156.0      185.0
     333.0      208.0
     521.0      274.0
     132.0      320.0
     627.0       58.0
     110.0      240.0
     364.0      333.0
     181.0      337.0
     119.0      279.0
     218.0      470.0
     679.0      307.0
      73.0      390.0
      94.0      328.0
     410.0      495.0
     111.0      157.0
     410.0      382.0
     185.0      452.0
     571.0      390.0
     254.0      223.0
     595.0      154.0
     221.0       30.0
     456.0      122.0
     462.0      347.0
     513.0       44.0
     567.0      449.0
     611.0      307.0
     375.0      411.0
     325.0      502.0
     179.0      596.0
     505.0      188.0
     279.0       83.0
     383.0      501.0
     570.0       25.0
     583.0      325.0
     462.0      558.0
     369.0      451.0
     570.0      497.0
     420.0      185.0
     291.0      259.0
     687.0      222.0
     565.0      312.0
     570.0      490.0
     368.0      151.0
     155.0      180.0
     499.0      436.0
     295.0      171.0
     513.0       11.0
     556.0      396.0
     540.0      292.0
     197.0      473.0
     354.0      241.0
      80.0      429.0
     248.0      346.0
     438.0      392.0
     264.0      504.0
     227.0      463.0
     208.0       77.0
     366.0        1.0
     355.0      544.0
     333.0       22.0
     291.0      456.0
     375.0       87.0
     660.0      337.0
     301.0      467.0
     614.0      282.0
     471.0       45.0
     497.0      146.0
     398.0      548.0
      62.0      328.0
     270.0      131.0
     479.0      159.0
     624.0      243.0
     422.0      409.0
     398.0      349.0
     274.0      542.0
     181.0      459.0
     299.0      402.0
     298.0      148.0
     215.0      646.0
     478.0      183.0
      91.0      276.0
     257.0      120.0
     298.0       59.0
     216.0      352.0
     357.0      466.0
     123.0      270.0
     129.0      253.0
     348.0      408.0
     237.0      109.0
     160.0       19.0
     622.0      346.0
     221.0      266.0
     204.0        0.0
     695.0      401.0
     558.0       87.0
     398.0      393.0
     510.0       74.0
     187.0       73.0
     464.0      310.0
     570.0      388.0
     265.0      647.0
     353.0      425.0
     337.0      597.0
     569.0      116.0
     474.0       11.0
     632.0      505.0
      20.0      167.0
     607.0      322.0
     653.0      302.0
     472.0      235.0
     254.0      272.0
     558.0       30.0
     271.0      183.0
     365.0      458.0
     580.0      345.0
     580.0      253.0
     515.0      524.0
     237.0      627.0
     381.0      451.0
     589.0       77.0
      90.0      107.0
     640.0      289.0
     247.0      429.0
     525.0       63.0
     520.0      267.0
     320.0      570.0
     442.0       91.0
     372.0      394.0
     129.0      520.0
     305.0        1.0
     381.0      414.0
     473.0      478.0
     534.0      312.0
     488.0      115.0
     252.0      154.0
     562.0      358.0
     557.0      311.0
      86.0      388.0
      83.0      295.0
     427.0      552.0
     490.0       92.0
     448.0      389.0
     492.0      208.0
     697.0      395.0
     609.0       41.0
     627.0      479.0
     133.0      630.0
     146.0      461.0
     262.0      369.0
     355.0       14.0
     502.0      419.0
     585.0      475.0
     126.0      476.0
     686.0      280.0
     278.0      506.0
     271.0      153.0
     637.0       55.0
      52.0      199.0
      91.0      259.0
     318.0      506.0
     388.0      353.0
     543.0      120.0
     584.0      271.0
     254.0      646.0
     181.0      389.0
     638.0      328.0
     148.0       57.0
     315.0      331.0
     375.0       14.0
     245.0      369.0
     175.0      275.0
      45.0      141.0
     163.0      652.0
     611.0      230.0
     690.0      400.0
     216.0      496.0
     389.0      425.0
     520.0      220.0
     633.0      343.0
     105.0       18.0
     668.0      390.0
      79.0      125.0
     362.0      279.0
      44.0       62.0
     234.0      503.0
     340.0      279.0
     107.0      488.0
     331.0      420.0
     448.0      460.0
     708.0      339.0
      62.0       86.0
      76.0      342.0
     456.0      254.0
     209.0      512.0
     322.0      395.0
     587.0      465.0
     260.0        9.0
     498.0      156.0
     354.0      492.0
      83.0      389.0
     492.0      263.0
     591.0      274.0
     539.0       48.0
     624.0      373.0
     129.0       28.0
     452.0      566.0
     491.0      315.0
     285.0      192.0
     223.0       89.0
     253.0      451.0
     230.0      303.0
     488.0      301.0
     106.0      468.0
     261.0      423.0
     164.0      637.0
     612.0      336.0
     342.0      103.0
     114.0       94.0
     264.0      440.0
     540.0      408.0
     665.0      259.0
       6.0      155.0
     445.0      167.0
     108.0      200.0
     144.0      585.0
      67.0      117.0
     399.0      230.0
     184.0      679.0
     263.0        0.0
     287.0      413.0
     528.0      205.0
     260.0      529.0
     673.0      184.0
     666.0      336.0
     704.0      265.0
     552.0      364.0
     535.0       45.0
     508.0      481.0
     105.0      529.0
     572.0      227.0
     639.0      366.0
      53.0      334.0
     179.0      555.0
     122.0      243.0
     613.0      481.0
     528.0      305.0
     529.0      469.0
     334.0      595.0
     667.0      313.0
      44.0      279.0
     109.0       47.0
     470.0      527.0
     382.0       99.0
     357.0      567.0
     595.0      245.0
     660.0      305.0
     172.0      654.0
     480.0      535.0
     443.0      561.0
      72.0      212.0
     348.0      519.0
     702.0      243.0
     465.0      431.0
     284.0      642.0
     291.0      651.0
     178.0      382.0
     395.0      460.0
      89.0      300.0
     584.0      344.0
      37.0      194.0
     684.0      200.0
     130.0      571.0
     308.0      643.0
     282.0       62.0
     379.0      583.0
     332.0      626.0
     603.0      483.0
     257.0      429.0
     190.0      397.0
     524.0      375.0
     187.0      618.0
     515.0      121.0
     108.0       70.0
     143.0      663.0
      62.0      333.0
     369.0      582.0
     403.0      597.0
     549.0      450.0
     228.0      473.0
     158.0      289.0
     466.0      488.0
     175.0       34.0
       7.0       56.0
     534.0      295.0
     599.0      364.0
     256.0      663.0
     709.0      467.0
     515.0      202.0
     431.0      529.0
     110.0      247.0
     300.0      645.0
     434.0      402.0
     216.0      380.0
     122.0      519.0
     153.0      475.0
     332.0      263.0
      20.0      240.0
      22.0       54.0
      84.0      203.0
      83.0      452.0
     664.0      197.0
     460.0      228.0
     708.0      468.0
     444.0      509.0
     286.0      650.0
      86.0      416.0
     253.0      470.0
     175.0      379.0
      94.0      111.0
     657.0      471.0
     173.0      687.0
     668.0      410.0
     434.0      557.0
     163.0      599.0
     375.0      417.0
     656.0      474.0
     507.0      547.0
     100.0      372.0
     128.0      498.0
     530.0      464.0
     616.0      504.0
