<?xml version="1.0"?>
<opencv_storage>
<coins type_id="opencv-matrix">
 <rows>500</rows>
 <cols>1</cols>
 <dt>"2f"</dt>
 <data>
     221.0      566.0
     565.0      204.0
     192.0      680.0
     416.0      569.0
     352.0      617.0
     631.0      352.0
     200.0       74.0
     437.0       83.0
     491.0      374.0
     502.0       93.0
     289.0       88.0
      85.0      217.0
     305.0       94.0
     159.0      508.0
     196.0      454.0
      89.0      436.0
     587.0      106.0
     240.0      387.0
     559.0      312.0
     649.0      336.0
     665.0      256.0
     441.0      331.0
     531.0      152.0
     412.0      541.0
     460.0      510.0
     450.0      305.0
     543.0      370.0
     688.0      351.0
     634.0      298.0
     188.0      336.0
     150.0      632.0
     623.0      382.0
     298.0      264.0
     282.0      167.0
     288.0      256.0
     429.0      475.0
     516.0      107.0
     274.0      169.0
     399.0      437.0
     311.0      553.0
     397.0      291.0
     388.0      289.0
     296.0      319.0
     528.0      191.0
     413.0      441.0
     406.0       75.0
     204.0       46.0
     219.0      373.0
     359.0      361.0
     608.0       28.0
     210.0      457.0
     417.0      181.0
     326.0      469.0
     371.0      358.0
     330.0      225.0
     386.0      606.0
     159.0      541.0
     260.0      196.0
     572.0      505.0
     108.0      527.0
     534.0      480.0
     382.0      551.0
     585.0      233.0
     398.0       48.0
     593.0      171.0
     158.0      537.0
     215.0       17.0
     322.0      456.0
     294.0        0.0
     588.0      342.0
     222.0      176.0
     439.0      337.0
     483.0      249.0
     114.0      245.0
      53.0      240.0
     262.0      425.0
     648.0      318.0
     514.0      320.0
     122.0      359.0
     611.0      141.0
     413.0      372.0
     553.0      333.0
     229.0      537.0
     518.0      242.0
      69.0      183.0
     228.0       92.0
     538.0       61.0
     342.0      181.0
     198.0      384.0
     426.0       48.0
     305.0       87.0
     649.0      409.0
     675.0      329.0
     220.0      651.0
     295.0      317.0
     627.0      400.0
     627.0      341.0
     536.0      238.0
     562.0      228.0
     153.0      446.0
     150.0      541.0
      57.0      199.0
     472.0      270.0
     537.0      284.0
     446.0      106.0
     538.0      226.0
     665.0      433.0
     294.0      519.0
     417.0      387.0
     174.0      629.0
     489.0      259.0
     493.0      223.0
     520.0       29.0
     440.0       45.0
      53.0      308.0
     558.0      218.0
     387.0      543.0
     386.0      441.0
     560.0      295.0
     596.0      335.0
     214.0      322.0
     234.0        1.0
     277.0      395.0
     380.0       62.0
     585.0      167.0
      95.0       26.0
     122.0       68.0
      64.0      103.0
      85.0      155.0
     448.0      163.0
     550.0      451.0
     471.0      457.0
     110.0      154.0
     562.0      433.0
     136.0       88.0
     127.0      260.0
     468.0      214.0
     231.0      569.0
      77.0      396.0
     329.0      261.0
     630.0      330.0
     400.0       43.0
     492.0      551.0
     393.0      292.0
     654.0      385.0
     340.0      405.0
     488.0      149.0
     131.0      567.0
     181.0      127.0
     424.0      463.0
     237.0      243.0
     273.0       38.0
      94.0      171.0
     233.0      247.0
     235.0      671.0
     513.0      278.0
     607.0      320.0
     633.0      154.0
     332.0      193.0
     134.0      504.0
     585.0      475.0
     249.0      186.0
     378.0      165.0
     550.0      245.0
     333.0      417.0
     227.0      255.0
     431.0      126.0
     261.0      314.0
     105.0      134.0
      18.0      174.0
     213.0      331.0
     502.0      216.0
     585.0      222.0
     505.0      198.0
     378.0      570.0
     472.0       21.0
     264.0       82.0
     114.0       94.0
     582.0       62.0
     202.0      374.0
     155.0      230.0
     111.0      395.0
     294.0      531.0
     161.0      698.0
     483.0      443.0
     101.0      260.0
     675.0      260.0
     559.0      268.0
     413.0      402.0
     440.0      387.0
     584.0      233.0
     351.0      200.0
     476.0      418.0
     217.0      472.0
     330.0      486.0
     371.0        0.0
     519.0      546.0
     121.0      473.0
     291.0      324.0
     440.0      387.0
     665.0      444.0
     385.0      543.0
     366.0      333.0
     339.0       91.0
     408.0       72.0
     590.0      379.0
     443.0      318.0
     382.0      336.0
     616.0      478.0
       4.0       58.0
     460.0      415.0
     621.0      424.0
     226.0      639.0
     340.0      129.0
     467.0      165.0
     547.0      364.0
     560.0      368.0
     377.0       64.0
     418.0      442.0
     475.0      262.0
     627.0      308.0
     664.0      292.0
     160.0       44.0
     309.0       26.0
     251.0      198.0
     363.0      309.0
     607.0      132.0
     622.0      459.0
     528.0      536.0
     423.0      453.0
     228.0      591.0
     373.0      515.0
     269.0      629.0
     582.0      171.0
     322.0      556.0
     426.0      389.0
     492.0      280.0
     308.0      581.0
     577.0      223.0
     205.0       19.0
      62.0      328.0
     601.0       65.0
      84.0      438.0
     625.0      424.0
     612.0      182.0
     555.0      495.0
     500.0      303.0
     510.0      553.0
     282.0      163.0
     557.0      247.0
     148.0       69.0
     343.0      485.0
     108.0       58.0
     603.0      338.0
     433.0       94.0
     381.0      283.0
     572.0      365.0
     393.0      452.0
     653.0      443.0
     616.0      372.0
     298.0       31.0
     338.0      443.0
     188.0      386.0
     582.0      149.0
     548.0      180.0
     181.0      355.0
     586.0      319.0
     355.0      115.0
     467.0      103.0
     535.0      109.0
     495.0      376.0
     456.0      304.0
     117.0      289.0
     177.0      193.0
      50.0       90.0
     675.0      329.0
     592.0      471.0
     614.0      481.0
     471.0      533.0
     626.0      493.0
     563.0       33.0
     327.0      600.0
     414.0      360.0
     605.0      170.0
     574.0      418.0
      88.0       92.0
     622.0      462.0
     518.0      339.0
     357.0      573.0
     559.0      470.0
     606.0      303.0
     216.0       91.0
     646.0      239.0
     609.0      194.0
     182.0      100.0
     346.0      131.0
     536.0      144.0
     465.0      452.0
     599.0       47.0
     287.0      615.0
     477.0      351.0
     250.0      393.0
     534.0      198.0
      87.0      111.0
     547.0      317.0
     529.0       45.0
     555.0      239.0
     188.0      624.0
     145.0      425.0
     322.0       32.0
     373.0       67.0
      28.0       69.0
     612.0      366.0
     155.0      465.0
     607.0      223.0
     160.0      126.0
     128.0       95.0
     225.0      559.0
     526.0      201.0
     255.0      482.0
     565.0      397.0
     662.0      235.0
     222.0      183.0
     107.0       34.0
     370.0      342.0
     652.0      390.0
     559.0      240.0
     488.0      106.0
     191.0       58.0
     430.0      562.0
     220.0       87.0
     439.0      130.0
     484.0       43.0
     272.0      438.0
     219.0      533.0
     630.0      342.0
     268.0      648.0
     245.0      601.0
     615.0      281.0
     117.0      521.0
     177.0      407.0
     511.0      548.0
     593.0      511.0
     270.0      608.0
     485.0      382.0
     564.0      470.0
     464.0      513.0
      79.0      398.0
     615.0      443.0
     336.0      425.0
      89.0       78.0
     232.0       97.0
     444.0      563.0
     642.0      486.0
     189.0      434.0
     230.0      671.0
     263.0      376.0
