<?xml version="1.0"?>
<opencv_storage>
<coins type_id="opencv-matrix">
 <rows>500</rows>
 <cols>1</cols>
 <dt>"2f"</dt>
 <data>
     277.0      721.0
    1101.0      265.0
     612.0      510.0
     564.0      771.0
     763.0      645.0
    1045.0      469.0
     686.0      746.0
    1036.0      213.0
     817.0      302.0
     445.0      194.0
     440.0      597.0
     395.0      376.0
     835.0      655.0
     818.0      597.0
     525.0      685.0
     953.0      270.0
    1134.0      366.0
    1084.0      429.0
    1000.0      594.0
    1094.0      212.0
     872.0      402.0
    1058.0      313.0
     925.0      293.0
     434.0      700.0
     328.0      432.0
       0.0      877.0
     621.0      316.0
     465.0      650.0
    1041.0      630.0
     940.0      297.0
     417.0      439.0
     840.0      271.0
     894.0      179.0
     952.0      574.0
     121.0      656.0
     245.0      270.0
     638.0      612.0
     341.0      392.0
     734.0      549.0
     251.0      297.0
     771.0      529.0
     732.0      579.0
     526.0      182.0
     777.0      286.0
     331.0      233.0
     759.0      491.0
    1206.0      160.0
     717.0      365.0
    1211.0      175.0
     835.0      404.0
     740.0      645.0
     763.0      722.0
     888.0      459.0
     609.0      352.0
     922.0      484.0
      66.0      719.0
    1062.0      156.0
     797.0      171.0
     498.0      457.0
     677.0      696.0
     267.0      580.0
     687.0      252.0
     520.0      555.0
     349.0      634.0
     712.0      543.0
     601.0      496.0
     797.0      631.0
     865.0      308.0
    1097.0      187.0
     635.0      655.0
    1036.0      559.0
     639.0      326.0
     275.0      671.0
     651.0      350.0
    1029.0      178.0
    1073.0      396.0
    1068.0      247.0
    1091.0      390.0
     748.0      195.0
     411.0      267.0
     226.0      747.0
    1083.0      238.0
    1121.0      339.0
    1094.0      365.0
     596.0      636.0
     636.0      174.0
    1030.0      239.0
     928.0      639.0
     608.0      569.0
     908.0      279.0
      28.0      891.0
     978.0      319.0
    1040.0      262.0
     946.0      463.0
     474.0      408.0
     745.0      451.0
     860.0      240.0
     853.0      547.0
    1015.0      636.0
     890.0      473.0
     339.0      735.0
     305.0      715.0
     330.0      549.0
    1159.0      238.0
     239.0      441.0
    1149.0      318.0
    1077.0      451.0
     500.0      178.0
     229.0      188.0
     671.0      462.0
     268.0      809.0
     692.0      198.0
     368.0      272.0
     636.0      264.0
    1061.0      464.0
    1044.0      608.0
    1107.0      306.0
     550.0      166.0
     751.0      322.0
    1127.0      232.0
     973.0      263.0
     995.0      653.0
     215.0      512.0
     885.0      645.0
     921.0      668.0
     910.0      591.0
     498.0      428.0
    1077.0      190.0
     444.0      346.0
    1002.0      168.0
     435.0      578.0
     839.0      384.0
     699.0      431.0
    1070.0      493.0
     192.0      550.0
     353.0      775.0
    1094.0      325.0
     961.0      312.0
     974.0      433.0
    1080.0      337.0
     171.0      441.0
     858.0      379.0
     551.0      691.0
     433.0      816.0
    1001.0      609.0
     537.0      471.0
     500.0      327.0
    1090.0      456.0
     991.0      359.0
     529.0      270.0
     105.0      688.0
     387.0      306.0
     929.0      506.0
     155.0      475.0
    1024.0      261.0
     927.0      589.0
     891.0      510.0
     160.0      571.0
     689.0      173.0
     474.0      549.0
     379.0      716.0
     823.0      690.0
     196.0      741.0
     640.0      377.0
     559.0      750.0
     375.0      604.0
    1156.0      160.0
     617.0      542.0
     966.0      601.0
     831.0      485.0
     520.0      385.0
     917.0      182.0
    1029.0      313.0
     456.0      381.0
     948.0      591.0
     946.0      213.0
     884.0      627.0
    1082.0      205.0
     574.0      575.0
     775.0      437.0
     782.0      604.0
     712.0      344.0
    1188.0      222.0
     332.0      305.0
     571.0      432.0
     365.0      492.0
     412.0      494.0
     318.0      193.0
     857.0      589.0
     586.0      246.0
    1071.0      297.0
     536.0      313.0
    1018.0      211.0
    1070.0      320.0
     668.0      608.0
     650.0      740.0
    1036.0      358.0
    1028.0      158.0
     317.0      498.0
     296.0      682.0
     188.0      661.0
     575.0      170.0
     858.0      161.0
     822.0      570.0
    1024.0      510.0
     616.0      429.0
      76.0      911.0
     447.0      491.0
     625.0      365.0
     280.0      194.0
     757.0      602.0
     395.0      791.0
     145.0      847.0
     811.0      360.0
     900.0      366.0
     711.0      271.0
    1046.0      399.0
     854.0      658.0
     927.0      211.0
     992.0      576.0
     734.0      170.0
     206.0      294.0
     934.0      612.0
    1101.0      434.0
    1104.0      372.0
     983.0      607.0
    1112.0      216.0
    1121.0      289.0
    1136.0      252.0
     533.0      757.0
     912.0      629.0
     366.0      742.0
     938.0      661.0
     217.0      484.0
     744.0      402.0
     902.0      209.0
     962.0      343.0
     808.0      420.0
     811.0      265.0
     772.0      377.0
     158.0      421.0
     651.0      283.0
      98.0      588.0
     859.0      186.0
     880.0      375.0
     478.0      218.0
     840.0      516.0
     720.0      730.0
     629.0      462.0
     101.0      746.0
     968.0      507.0
     697.0      325.0
     372.0      166.0
     808.0      638.0
     258.0      759.0
     314.0      472.0
    1025.0      402.0
     283.0      439.0
     805.0      692.0
    1061.0      427.0
     476.0      747.0
     555.0      605.0
     901.0      262.0
     272.0      245.0
     645.0      586.0
     743.0      243.0
     247.0      795.0
     440.0      551.0
     984.0      460.0
    1015.0      237.0
     930.0      413.0
    1073.0      535.0
     560.0      409.0
     498.0      353.0
     925.0      345.0
     968.0      360.0
     849.0      692.0
     451.0      712.0
     474.0      809.0
    1013.0      470.0
     906.0      474.0
     782.0      700.0
     918.0      610.0
    1058.0      201.0
     884.0      262.0
     350.0      351.0
     281.0      318.0
     878.0      499.0
     462.0      779.0
    1048.0      335.0
     743.0      724.0
     596.0      673.0
    1003.0      426.0
     726.0      666.0
    1143.0      304.0
     293.0      336.0
     419.0      537.0
     389.0      685.0
    1102.0      291.0
     277.0      851.0
      83.0      652.0
     830.0      457.0
     189.0      837.0
     353.0      522.0
     909.0      516.0
    1048.0      283.0
     383.0      538.0
     789.0      261.0
     368.0      415.0
     295.0      607.0
    1012.0      548.0
     800.0      530.0
     817.0      198.0
    1163.0      187.0
    1028.0      427.0
     434.0      630.0
     132.0      805.0
     190.0      688.0
      68.0      764.0
    1053.0      562.0
     557.0      718.0
      70.0      847.0
     574.0      356.0
     179.0      770.0
    1039.0      317.0
    1012.0      568.0
     970.0      411.0
     108.0      904.0
    1008.0      196.0
     169.0      360.0
     997.0      327.0
     876.0      330.0
     938.0      553.0
     197.0      397.0
     768.0      667.0
     976.0      531.0
    1128.0      409.0
     660.0      684.0
     736.0      595.0
     523.0      644.0
     866.0      201.0
     250.0      716.0
     624.0      735.0
     208.0      569.0
     573.0      529.0
     993.0      229.0
     342.0      838.0
     812.0      456.0
     317.0      776.0
     888.0      564.0
     347.0      665.0
     383.0      346.0
     665.0      298.0
     746.0      515.0
    1143.0      276.0
     231.0      364.0
     673.0      551.0
