<?xml version="1.0"?>
<opencv_storage>
<coins type_id="opencv-matrix">
 <rows>500</rows>
 <cols>1</cols>
 <dt>"2f"</dt>
 <data>
     420.0      625.0
     217.0      721.0
     922.0      522.0
      44.0      727.0
     490.0      527.0
     753.0      309.0
     414.0      146.0
     840.0      529.0
     735.0      529.0
     317.0      672.0
     653.0      297.0
     554.0      180.0
     777.0      557.0
     910.0      228.0
     188.0      678.0
     932.0      346.0
     514.0      415.0
     620.0      239.0
     739.0      721.0
     664.0      168.0
    1035.0      645.0
     717.0      514.0
    1044.0      300.0
     958.0      603.0
     265.0      385.0
    1085.0      466.0
     226.0      557.0
     331.0      459.0
     263.0      642.0
     693.0      215.0
      75.0      486.0
     986.0      187.0
     767.0      254.0
    1005.0      295.0
     290.0      393.0
     240.0      707.0
      42.0      686.0
     282.0      656.0
     860.0      457.0
     385.0      307.0
    1070.0      447.0
     181.0      377.0
     896.0      466.0
     318.0      275.0
      85.0      545.0
     597.0      420.0
     642.0      248.0
     855.0      543.0
     557.0      693.0
     612.0      736.0
      66.0      610.0
     284.0      710.0
     823.0      579.0
     922.0      639.0
     411.0      556.0
    1003.0      343.0
    1066.0      655.0
     390.0      634.0
     397.0      590.0
     418.0      239.0
     709.0      441.0
     333.0      379.0
     284.0      451.0
     785.0      371.0
     520.0      189.0
     249.0      482.0
     149.0      261.0
     974.0      346.0
     673.0      209.0
      64.0      121.0
     911.0      557.0
     575.0      474.0
     194.0      563.0
     438.0      144.0
     953.0      309.0
     239.0      280.0
    1010.0      574.0
     148.0      406.0
     824.0      468.0
    1070.0      708.0
     126.0      524.0
     188.0      120.0
     809.0      391.0
     862.0      302.0
    1045.0      360.0
     679.0      249.0
     175.0      589.0
     921.0      376.0
     547.0      520.0
     320.0      695.0
     843.0      689.0
     936.0      607.0
      68.0      518.0
     649.0      741.0
     885.0      721.0
     230.0      638.0
     667.0      661.0
     625.0      365.0
     879.0      250.0
     425.0      378.0
     964.0      697.0
     881.0      489.0
    1019.0      175.0
     768.0      228.0
     157.0      109.0
     332.0      195.0
     680.0      491.0
     557.0      567.0
     221.0      346.0
     194.0      313.0
     357.0      559.0
     881.0      168.0
      40.0      135.0
     295.0      616.0
     690.0      447.0
     659.0      563.0
     636.0      427.0
     185.0      232.0
     138.0      233.0
     946.0      181.0
     218.0      491.0
     673.0      353.0
     941.0      546.0
     448.0      445.0
     613.0      262.0
     893.0      669.0
     516.0      266.0
     453.0      641.0
     740.0      156.0
     654.0      454.0
     517.0      234.0
     309.0      422.0
    1070.0      593.0
     709.0      354.0
    1028.0      721.0
     317.0      611.0
     952.0      246.0
     121.0      399.0
     486.0      589.0
     870.0      200.0
     401.0      205.0
     456.0      127.0
     580.0      264.0
    1005.0      206.0
     796.0      332.0
     433.0      300.0
     221.0      367.0
     983.0      543.0
      77.0      716.0
     357.0      533.0
     974.0      728.0
      86.0      195.0
    1038.0      511.0
     100.0      666.0
     400.0      704.0
     333.0      714.0
    1032.0      270.0
     314.0      386.0
    1105.0      184.0
    1022.0      477.0
    1047.0      280.0
     851.0      569.0
    1055.0      488.0
     621.0      398.0
      83.0      632.0
     513.0      382.0
     803.0      165.0
     130.0      668.0
     788.0      243.0
     164.0      349.0
     836.0      639.0
     725.0      618.0
     958.0      329.0
     854.0      626.0
     778.0      308.0
    1082.0      407.0
     204.0      188.0
     875.0      590.0
     833.0      233.0
     773.0      578.0
     624.0      333.0
     308.0      216.0
     715.0      170.0
     935.0      322.0
    1080.0      384.0
     803.0      260.0
     780.0      670.0
     113.0      460.0
     490.0      247.0
     254.0      744.0
     373.0      432.0
     290.0      244.0
     534.0      251.0
     244.0      200.0
     877.0      270.0
     627.0      678.0
     637.0      702.0
     515.0      315.0
     849.0      323.0
     804.0      444.0
     398.0      373.0
     513.0      731.0
    1065.0      633.0
     830.0      397.0
     454.0      279.0
     135.0      305.0
     897.0      296.0
     315.0      738.0
     114.0      704.0
     833.0      374.0
    1031.0      344.0
     997.0      665.0
     768.0      522.0
     405.0      427.0
     788.0      397.0
     378.0      606.0
     667.0      231.0
     984.0      210.0
     598.0      594.0
     468.0      416.0
     450.0      521.0
     798.0      675.0
     493.0      429.0
     988.0      514.0
    1036.0      703.0
    1072.0      296.0
    1073.0      691.0
     906.0      512.0
    1078.0      523.0
     438.0      701.0
     529.0      685.0
     885.0      518.0
    1030.0      200.0
     275.0      266.0
     594.0      171.0
     965.0      371.0
     942.0      709.0
      81.0      414.0
     859.0      221.0
     371.0      280.0
     740.0      699.0
     713.0      594.0
     482.0      314.0
     768.0      339.0
    1047.0      434.0
      85.0      374.0
     931.0      278.0
      35.0      190.0
     748.0      207.0
     208.0      610.0
      61.0      239.0
     688.0      295.0
      92.0      567.0
     275.0      729.0
     518.0      152.0
     662.0      690.0
     736.0      254.0
     961.0      574.0
     359.0      698.0
      41.0      259.0
     182.0      444.0
     760.0      429.0
    1010.0      259.0
     745.0      553.0
    1069.0      424.0
     518.0      524.0
     558.0      338.0
     638.0      644.0
     521.0      666.0
     780.0      618.0
     684.0      531.0
     258.0      247.0
     610.0      609.0
     414.0      261.0
     258.0      159.0
    1053.0      379.0
     568.0      287.0
     908.0      446.0
     237.0      121.0
     146.0      449.0
     925.0      488.0
     508.0      581.0
    1094.0      342.0
      27.0       98.0
     465.0      248.0
     750.0      667.0
     994.0      268.0
     329.0      530.0
     545.0      396.0
     497.0      717.0
     619.0      656.0
     276.0      677.0
     577.0      675.0
     450.0      483.0
      68.0      158.0
     688.0      716.0
     272.0      112.0
     587.0      630.0
     171.0      422.0
     347.0      330.0
     457.0      732.0
     795.0      542.0
     645.0      272.0
    1012.0      703.0
     532.0      436.0
     830.0      670.0
     996.0      227.0
     943.0      443.0
     296.0      174.0
     409.0      465.0
     380.0      660.0
    1014.0      510.0
     561.0      458.0
      69.0      452.0
     720.0      309.0
     677.0      187.0
     455.0      163.0
     354.0      443.0
     611.0      156.0
     631.0      611.0
     827.0      653.0
     780.0      184.0
     292.0      576.0
     445.0      367.0
     550.0      270.0
     906.0      334.0
     265.0      436.0
     738.0      637.0
     116.0      592.0
      35.0      370.0
     607.0      293.0
     647.0      327.0
     654.0      370.0
     222.0      261.0
    1055.0      725.0
     224.0      428.0
     706.0      409.0
      45.0      534.0
     715.0      672.0
     453.0      554.0
     741.0      361.0
     438.0      400.0
     493.0      367.0
     755.0      473.0
     193.0      745.0
     191.0      702.0
     603.0      666.0
     654.0      591.0
     801.0      486.0
     813.0      550.0
     901.0      489.0
     677.0      582.0
     713.0      731.0
     881.0      441.0
     678.0      382.0
     165.0      639.0
     973.0      277.0
