<?xml version="1.0"?>
<opencv_storage>
<coins type_id="opencv-matrix">
 <rows>500</rows>
 <cols>1</cols>
 <dt>"2f"</dt>
 <data>
     179.0       64.0
     695.0      318.0
    1170.0      599.0
     464.0      756.0
     429.0      687.0
     118.0      325.0
    1129.0      532.0
     155.0      531.0
     685.0      606.0
     526.0      175.0
    1112.0      464.0
     417.0      483.0
     714.0      216.0
     373.0      634.0
    1166.0      747.0
     645.0      649.0
    1070.0      265.0
    1006.0      162.0
     593.0      660.0
     129.0      493.0
     926.0      109.0
     191.0      227.0
      26.0      356.0
     309.0      348.0
     509.0      458.0
     786.0      247.0
     254.0      464.0
      34.0      768.0
      49.0      369.0
     812.0      533.0
    1160.0      350.0
      26.0      321.0
     619.0      768.0
    1005.0      235.0
     518.0      578.0
     318.0      263.0
    1067.0      179.0
     921.0      689.0
     280.0      507.0
    1068.0      233.0
      88.0      412.0
     271.0      726.0
     448.0      561.0
     337.0      161.0
     748.0      285.0
     359.0      206.0
     196.0      168.0
     438.0      262.0
     569.0      181.0
     674.0      298.0
     260.0      351.0
     700.0      355.0
    1136.0       48.0
     515.0      496.0
     508.0      700.0
     837.0      476.0
     796.0      608.0
     833.0      581.0
     742.0      741.0
     658.0      179.0
     374.0      424.0
     152.0      435.0
     479.0      238.0
     974.0      237.0
     934.0      523.0
    1178.0      274.0
    1070.0      631.0
     199.0      605.0
     499.0      428.0
     424.0      147.0
     931.0      263.0
    1020.0      297.0
     328.0      432.0
     235.0      288.0
     337.0      380.0
     800.0      506.0
     967.0      199.0
     592.0       73.0
     279.0      453.0
     807.0      742.0
     742.0      223.0
     329.0      574.0
     853.0      757.0
     849.0      611.0
     628.0      174.0
     290.0      240.0
     990.0      697.0
    1112.0      625.0
     341.0      236.0
     856.0      154.0
     929.0      165.0
     120.0      220.0
      33.0      131.0
     749.0      136.0
      80.0      627.0
     784.0      551.0
     905.0      253.0
     481.0      575.0
     807.0      289.0
     291.0      102.0
    1021.0      401.0
     237.0      513.0
     727.0      768.0
     217.0      693.0
     375.0       65.0
       6.0       89.0
    1067.0      667.0
     209.0      365.0
    1147.0      446.0
     660.0      469.0
     535.0      448.0
      94.0      305.0
     563.0       98.0
     538.0      396.0
     275.0      627.0
     987.0      418.0
     119.0      382.0
    1151.0      637.0
     654.0       78.0
     580.0      449.0
     279.0      692.0
     581.0      146.0
     762.0      240.0
    1116.0      135.0
     278.0      478.0
      56.0      616.0
     306.0      478.0
    1103.0      159.0
    1163.0      216.0
    1105.0      435.0
      37.0      233.0
    1071.0       88.0
     499.0      629.0
     772.0      455.0
     890.0      188.0
       6.0      765.0
      93.0      491.0
      34.0      559.0
      16.0       65.0
    1066.0      113.0
     267.0       70.0
     737.0       90.0
     905.0      123.0
     145.0      611.0
    1125.0      256.0
     461.0       68.0
     124.0      551.0
     269.0      600.0
       2.0      127.0
      22.0      668.0
    1170.0      707.0
      14.0      490.0
     867.0      527.0
     490.0      199.0
     640.0      415.0
     856.0       45.0
     970.0      751.0
     421.0      516.0
      44.0      476.0
     839.0      706.0
     457.0      640.0
    1034.0      635.0
     822.0      260.0
     224.0      490.0
     448.0       97.0
     862.0       95.0
     368.0      261.0
     961.0      381.0
     355.0      661.0
     630.0      265.0
     629.0      230.0
     830.0      310.0
     374.0      716.0
     896.0      689.0
     190.0       86.0
     890.0      627.0
    1013.0       56.0
     923.0      189.0
    1028.0      263.0
     970.0      560.0
      62.0      280.0
     871.0       73.0
     483.0      610.0
      51.0      643.0
      39.0      728.0
     951.0      670.0
      83.0      718.0
     865.0      499.0
     957.0      618.0
     918.0      399.0
     461.0      483.0
    1175.0      414.0
     342.0      731.0
      26.0      195.0
     941.0      477.0
     566.0      747.0
     775.0      182.0
     685.0      454.0
     496.0      169.0
     506.0      301.0
     942.0      411.0
    1050.0      597.0
     540.0       59.0
      98.0      556.0
     750.0      661.0
    1142.0      157.0
     577.0      422.0
     580.0      521.0
     128.0      116.0
     892.0      567.0
     716.0      137.0
    1074.0      340.0
     664.0      760.0
     694.0      117.0
     475.0      543.0
    1181.0      626.0
     544.0      507.0
     607.0      581.0
     663.0      320.0
    1057.0      428.0
     956.0      700.0
     858.0      271.0
     243.0      547.0
     171.0      506.0
     240.0      365.0
     219.0      581.0
     478.0      330.0
     718.0      437.0
      61.0      752.0
     382.0      513.0
     755.0       60.0
     695.0      173.0
     907.0      708.0
     316.0      223.0
     803.0      695.0
     418.0      727.0
    1101.0      759.0
     797.0      337.0
      18.0      397.0
     311.0       84.0
     567.0      358.0
     883.0      135.0
     391.0      389.0
     167.0      279.0
     410.0      239.0
     167.0      618.0
     211.0      728.0
     953.0      121.0
     221.0      140.0
    1160.0      297.0
     219.0      659.0
     740.0      685.0
     588.0      116.0
     119.0      611.0
     447.0      728.0
     252.0      322.0
     234.0      201.0
      89.0      467.0
    1083.0      691.0
      46.0      165.0
     200.0      393.0
     373.0      546.0
     725.0      650.0
     826.0      152.0
     535.0      307.0
     398.0      444.0
     165.0      566.0
     450.0      132.0
     628.0       77.0
     368.0      291.0
     721.0      312.0
     633.0      455.0
     552.0      255.0
     177.0      248.0
     530.0      529.0
    1143.0      601.0
     343.0      278.0
    1109.0      305.0
     642.0      350.0
    1178.0      523.0
     754.0      333.0
      63.0      318.0
     367.0      773.0
       0.0      702.0
     786.0      104.0
     953.0      504.0
     685.0      638.0
     240.0      726.0
     761.0      431.0
    1000.0      381.0
     736.0      608.0
     675.0      197.0
     623.0      502.0
      70.0      569.0
    1098.0      268.0
     864.0      453.0
     141.0      242.0
     589.0      624.0
     289.0      577.0
     173.0      759.0
     893.0      346.0
     997.0      748.0
     610.0      364.0
     667.0      115.0
     835.0      519.0
     919.0      214.0
     680.0      376.0
      88.0       92.0
     424.0      561.0
     605.0      206.0
     989.0      124.0
     698.0      687.0
    1087.0      484.0
      85.0      237.0
      76.0      383.0
     250.0      572.0
     681.0      740.0
     409.0      651.0
     628.0      143.0
    1119.0      652.0
    1120.0      102.0
    1074.0      445.0
     281.0      263.0
     160.0       80.0
     298.0      648.0
     557.0      440.0
     887.0      403.0
     731.0      402.0
     494.0      507.0
     189.0      440.0
     186.0      642.0
     265.0      202.0
     683.0      509.0
    1042.0      680.0
     303.0      537.0
     133.0       76.0
     194.0      309.0
     268.0      137.0
     404.0       92.0
     339.0       95.0
     118.0      359.0
     928.0      327.0
    1099.0      353.0
      10.0      441.0
     706.0      578.0
     593.0      404.0
     357.0      460.0
     850.0      118.0
     987.0      272.0
     166.0      391.0
     941.0       86.0
     518.0      749.0
     957.0      256.0
      13.0      297.0
    1090.0      211.0
     880.0      218.0
     619.0      664.0
