<?xml version="1.0"?>
<opencv_storage>
<coins type_id="opencv-matrix">
 <rows>500</rows>
 <cols>1</cols>
 <dt>"2f"</dt>
 <data>
     495.0      451.0
      61.0      442.0
    1133.0      707.0
     423.0      758.0
    1039.0      342.0
     922.0      259.0
     709.0      190.0
     467.0      714.0
     301.0      701.0
    1089.0      257.0
     176.0      550.0
      17.0      282.0
     404.0      398.0
     750.0      106.0
     302.0      279.0
     288.0      575.0
     423.0       70.0
    1093.0      532.0
     567.0      740.0
      75.0      328.0
     888.0      189.0
     287.0      435.0
    1114.0      637.0
    1069.0      435.0
     986.0      298.0
     267.0      348.0
    1073.0      306.0
     408.0      731.0
     816.0      757.0
     793.0      312.0
     377.0      485.0
    1046.0      691.0
     327.0      294.0
     686.0      767.0
     713.0      138.0
     724.0      241.0
    1006.0      680.0
      31.0      385.0
    1110.0      448.0
     396.0      596.0
       5.0      647.0
     815.0      122.0
     399.0      264.0
     646.0      639.0
     617.0       80.0
     498.0      399.0
     977.0       57.0
     799.0      478.0
     735.0      456.0
     577.0      417.0
       0.0      719.0
     411.0      619.0
     263.0      481.0
     340.0      515.0
     592.0      232.0
     335.0      751.0
     821.0      155.0
      40.0      239.0
     964.0      382.0
      44.0      469.0
     605.0      659.0
     468.0      461.0
     896.0      145.0
     297.0      163.0
     350.0      209.0
     324.0      775.0
     954.0      125.0
     896.0      265.0
    1032.0      180.0
     503.0      751.0
    1133.0      599.0
     916.0      505.0
     121.0      394.0
     920.0      620.0
     174.0      695.0
     478.0      580.0
     137.0       64.0
     913.0      671.0
     452.0      508.0
     868.0      124.0
     519.0      223.0
     385.0      149.0
     494.0      634.0
     647.0      455.0
     157.0      396.0
     625.0      321.0
     865.0      149.0
    1141.0      274.0
     487.0      176.0
     657.0      175.0
     235.0      481.0
      54.0      537.0
     359.0      177.0
    1014.0      398.0
     226.0       72.0
     836.0       74.0
     248.0      389.0
    1102.0       49.0
     762.0      508.0
     657.0      320.0
    1027.0      528.0
     544.0      147.0
     990.0      117.0
     596.0      328.0
     193.0      202.0
      98.0      243.0
     443.0      661.0
      90.0       78.0
     820.0       44.0
     905.0      412.0
     945.0      498.0
     330.0      637.0
     528.0      360.0
     629.0      116.0
     584.0      110.0
     675.0      543.0
     829.0      384.0
     116.0      303.0
     383.0      564.0
      33.0      630.0
     770.0      291.0
     109.0      363.0
      96.0      394.0
    1012.0      597.0
     540.0      522.0
     591.0       78.0
     866.0      278.0
    1075.0      625.0
     198.0      367.0
     869.0      709.0
     800.0      708.0
     883.0      689.0
     859.0      449.0
     445.0      697.0
     883.0      632.0
     142.0      644.0
     918.0      157.0
     281.0      771.0
     122.0      509.0
     711.0      286.0
     621.0      180.0
       6.0       78.0
     762.0      461.0
     540.0      451.0
     539.0      479.0
      91.0      513.0
     650.0      668.0
       4.0      372.0
     750.0      249.0
     919.0      121.0
     869.0      256.0
     182.0      492.0
       0.0      205.0
    1024.0      299.0
     998.0      636.0
     459.0      428.0
    1086.0      104.0
     777.0      117.0
     226.0      603.0
     374.0      616.0
     672.0      715.0
     407.0      564.0
     327.0      262.0
     920.0      289.0
      72.0      651.0
     175.0      583.0
    1005.0      542.0
     882.0      661.0
     784.0      262.0
     821.0      272.0
     604.0      352.0
     829.0      528.0
     275.0      225.0
     499.0      692.0
     439.0      332.0
     105.0      337.0
     852.0      591.0
     176.0      634.0
    1067.0      161.0
     853.0      628.0
      98.0      613.0
      36.0      721.0
     223.0      117.0
     352.0      392.0
     531.0      254.0
     774.0      197.0
     180.0      141.0
     744.0      279.0
    1108.0      723.0
     675.0      218.0
     734.0       69.0
     269.0      168.0
    1124.0      169.0
     299.0       97.0
     287.0      626.0
     529.0      767.0
     658.0      763.0
     111.0      535.0
     461.0      255.0
     459.0       98.0
     193.0      290.0
     805.0      187.0
     219.0      353.0
     697.0      109.0
     757.0      610.0
     926.0      713.0
    1076.0      465.0
     237.0      510.0
      12.0      461.0
     124.0      622.0
      73.0      575.0
     371.0      241.0
     335.0       66.0
    1033.0      631.0
     376.0      729.0
      26.0      546.0
     864.0      765.0
     937.0      238.0
     166.0      367.0
     855.0      188.0
      43.0      415.0
     627.0      626.0
     457.0      170.0
     897.0      524.0
     723.0      432.0
     858.0      690.0
     269.0      316.0
     209.0      324.0
    1054.0      414.0
     642.0      377.0
     260.0      540.0
     139.0      688.0
     579.0      771.0
     763.0      380.0
     118.0       81.0
     286.0       70.0
     795.0      583.0
     792.0      153.0
     390.0      637.0
     566.0      637.0
    1143.0      739.0
      14.0      756.0
    1127.0      217.0
     952.0      697.0
     249.0      242.0
     530.0      184.0
      51.0      307.0
     624.0      761.0
     679.0      438.0
     705.0      225.0
     315.0      387.0
    1051.0      485.0
     505.0      509.0
     300.0      238.0
     146.0      521.0
     646.0      609.0
      74.0      385.0
     155.0      170.0
    1064.0      761.0
     732.0      204.0
     872.0      552.0
     331.0      549.0
     568.0      208.0
     829.0      585.0
     496.0      308.0
    1139.0      414.0
     225.0      445.0
     410.0      134.0
    1125.0      298.0
     152.0      311.0
      46.0       93.0
     233.0      678.0
     380.0      518.0
     926.0      382.0
     823.0      563.0
    1030.0      668.0
     550.0      117.0
     826.0      453.0
     592.0      267.0
    1143.0      525.0
    1080.0      137.0
     621.0      471.0
     489.0      553.0
    1106.0      601.0
     108.0      438.0
      12.0      242.0
     155.0      255.0
     697.0      500.0
     602.0      416.0
      88.0      674.0
     883.0      400.0
    1037.0       90.0
     950.0      272.0
      20.0      592.0
     278.0      264.0
      78.0      222.0
     833.0      314.0
     537.0      423.0
     970.0      236.0
     128.0      763.0
      53.0      560.0
     426.0      366.0
      74.0      361.0
     966.0      663.0
     246.0      579.0
     883.0      215.0
     534.0      683.0
     571.0      367.0
     890.0      112.0
     665.0       59.0
       2.0      167.0
     787.0       93.0
    1139.0      131.0
     662.0      357.0
     959.0      449.0
    1035.0      267.0
     720.0      317.0
     904.0      478.0
     205.0      147.0
    1082.0      652.0
     811.0      611.0
     639.0      197.0
     240.0      265.0
     148.0      229.0
    1071.0      563.0
     518.0      442.0
     944.0      403.0
     194.0      514.0
     933.0      560.0
     366.0       94.0
     683.0      312.0
     660.0      243.0
     435.0      545.0
     318.0      207.0
     603.0      596.0
     922.0      582.0
     637.0      300.0
     956.0      359.0
     697.0      609.0
     330.0      718.0
     544.0      293.0
    1062.0      269.0
     579.0      665.0
      86.0      117.0
     211.0      623.0
     959.0      748.0
     367.0      654.0
     474.0      498.0
     746.0      552.0
     440.0      240.0
     905.0       87.0
     711.0      662.0
    1114.0      424.0
     591.0      175.0
    1056.0      213.0
       9.0      620.0
     931.0      201.0
