<?xml version="1.0"?>
<opencv_storage>
<coins type_id="opencv-matrix">
 <rows>500</rows>
 <cols>1</cols>
 <dt>"2f"</dt>
 <data>
     548.0      541.0
     150.0      637.0
     207.0      344.0
     440.0      525.0
     521.0      316.0
     240.0      677.0
     662.0      247.0
     649.0      634.0
     260.0      516.0
     453.0      407.0
     900.0      143.0
     553.0      297.0
     954.0      348.0
     171.0      445.0
     973.0      412.0
     682.0      363.0
     683.0      661.0
     726.0      574.0
     951.0      426.0
     338.0      586.0
     647.0      296.0
      95.0      466.0
     445.0      781.0
     179.0      518.0
     545.0       68.0
     290.0      118.0
     596.0      722.0
     412.0      431.0
     460.0      345.0
     828.0      467.0
     924.0      620.0
     836.0      678.0
     372.0      761.0
     760.0      194.0
     911.0      495.0
     931.0      134.0
     203.0      577.0
     119.0      260.0
    1053.0      228.0
     762.0      644.0
     575.0      238.0
     548.0      163.0
     941.0      173.0
     507.0      587.0
     786.0      627.0
     277.0      377.0
     859.0       89.0
     227.0      400.0
     621.0      207.0
     830.0       56.0
     827.0      553.0
     286.0      296.0
     608.0      663.0
     777.0      102.0
     987.0       87.0
     434.0      608.0
     162.0       92.0
     419.0      259.0
     930.0      517.0
      41.0      284.0
     688.0      529.0
     250.0      465.0
     233.0      144.0
     242.0      652.0
     421.0      459.0
     651.0      361.0
     328.0      470.0
     434.0       69.0
     957.0      652.0
     577.0      671.0
     537.0      372.0
     230.0      115.0
     530.0      443.0
     896.0      360.0
     461.0       89.0
     928.0      202.0
     978.0      193.0
     656.0      240.0
     583.0      210.0
     959.0      456.0
    1012.0      434.0
     755.0      202.0
     881.0      112.0
     227.0      752.0
     842.0      239.0
     708.0      719.0
     768.0      366.0
     933.0      113.0
     309.0      594.0
     488.0      647.0
     113.0       74.0
     681.0      562.0
     590.0      432.0
     294.0      503.0
     184.0      204.0
     292.0      754.0
     965.0      518.0
     635.0      582.0
     410.0      248.0
     988.0       54.0
     185.0      713.0
     784.0      157.0
     984.0       81.0
     722.0      548.0
     842.0      591.0
     747.0      669.0
     658.0      225.0
     100.0      428.0
      22.0      260.0
     216.0      185.0
     632.0      232.0
     136.0      489.0
     519.0      717.0
     690.0      461.0
     669.0      294.0
     487.0      550.0
     651.0      568.0
     629.0      628.0
     590.0      542.0
     968.0      389.0
     506.0      380.0
     285.0      139.0
     657.0      276.0
     421.0      480.0
     825.0      206.0
     195.0      630.0
     674.0      531.0
      28.0      438.0
     950.0      147.0
     348.0      634.0
     487.0      268.0
     100.0      330.0
     125.0      481.0
     468.0      196.0
     263.0       96.0
     496.0      339.0
     199.0      475.0
     240.0      772.0
     511.0      213.0
    1018.0      503.0
     782.0      413.0
     622.0      110.0
     912.0      687.0
     179.0      356.0
     898.0      340.0
    1001.0      394.0
     360.0      720.0
     173.0      569.0
     409.0      414.0
     328.0      564.0
     709.0      144.0
     634.0      391.0
     184.0      372.0
     174.0      304.0
     748.0      725.0
     614.0      344.0
     870.0      294.0
    1016.0      358.0
     449.0      725.0
     410.0      389.0
     932.0      662.0
     352.0      372.0
     865.0      440.0
     215.0       85.0
    1013.0      225.0
     765.0      244.0
     386.0      389.0
     513.0      612.0
     241.0      200.0
     423.0      776.0
     310.0      166.0
     228.0      609.0
     413.0      685.0
     643.0      657.0
      54.0      136.0
     816.0      635.0
     680.0      485.0
     337.0       64.0
     726.0      367.0
     218.0      688.0
     642.0      602.0
     674.0      507.0
     509.0      323.0
     477.0      429.0
     817.0      584.0
     302.0      328.0
     350.0      727.0
     876.0      474.0
     586.0      597.0
     926.0      266.0
     420.0      224.0
     628.0      484.0
     410.0      213.0
     252.0      231.0
     506.0      526.0
    1001.0      247.0
     419.0       60.0
     354.0      128.0
     355.0      519.0
     994.0      170.0
     784.0      291.0
     714.0      277.0
     885.0      738.0
     867.0      608.0
     987.0      126.0
     656.0       74.0
     435.0      325.0
     163.0       73.0
     765.0      120.0
     128.0      413.0
     948.0      269.0
     156.0      405.0
     836.0      217.0
     433.0      526.0
     898.0      260.0
     399.0      648.0
     423.0      144.0
     615.0      489.0
     844.0      376.0
     942.0      298.0
     224.0      735.0
     585.0      630.0
     548.0      287.0
     993.0      420.0
     820.0      128.0
     797.0      213.0
     341.0      553.0
     739.0      450.0
     638.0      538.0
     779.0      585.0
     264.0      269.0
     349.0       71.0
     807.0      773.0
     801.0      660.0
     670.0      630.0
     499.0      245.0
     342.0      381.0
     730.0      636.0
     201.0      557.0
     846.0      531.0
     679.0      381.0
     934.0      386.0
     923.0      758.0
     683.0       58.0
     458.0      604.0
     362.0      330.0
     699.0      192.0
     561.0      705.0
     612.0       62.0
     317.0      267.0
     736.0       70.0
      76.0      150.0
     599.0      747.0
     749.0       58.0
     693.0      494.0
     630.0      194.0
     468.0      632.0
     500.0       98.0
     839.0      422.0
     136.0      129.0
     407.0      457.0
     367.0      533.0
     381.0      115.0
     214.0      270.0
     342.0      258.0
     824.0      258.0
     506.0       73.0
     773.0      465.0
     703.0      619.0
     615.0      756.0
     291.0      322.0
     589.0      693.0
     881.0       70.0
     828.0      243.0
     533.0      680.0
     898.0      295.0
     993.0      216.0
     828.0      504.0
     869.0      316.0
     531.0      483.0
     169.0      134.0
     827.0      146.0
     276.0      596.0
     872.0      689.0
     618.0      329.0
     235.0      164.0
     805.0      712.0
     852.0      643.0
     142.0      206.0
     431.0      374.0
     268.0      781.0
     718.0      751.0
     597.0      605.0
     275.0       65.0
     937.0      323.0
      89.0      397.0
     227.0      620.0
     448.0      626.0
     695.0      591.0
     192.0      463.0
     313.0      117.0
     841.0       67.0
     745.0      164.0
     811.0      389.0
     144.0      618.0
     789.0      760.0
    1037.0      279.0
     428.0      237.0
     667.0      443.0
     357.0      747.0
     530.0      177.0
     554.0      533.0
     352.0      414.0
     927.0      640.0
     648.0      428.0
     372.0      187.0
     389.0      352.0
     841.0      566.0
     657.0      703.0
     772.0      553.0
     313.0      728.0
     511.0      107.0
     814.0      285.0
     491.0      130.0
     633.0       90.0
     375.0      442.0
     793.0      170.0
    1022.0      521.0
     975.0      128.0
     348.0      245.0
     786.0      367.0
     466.0      782.0
     325.0      749.0
     489.0      581.0
     292.0      691.0
     915.0      716.0
     137.0      174.0
     667.0      463.0
     522.0      697.0
     791.0      488.0
     449.0      753.0
     261.0      492.0
     597.0      311.0
     527.0      557.0
      41.0      311.0
     931.0      280.0
     911.0      231.0
     175.0      193.0
     110.0      219.0
     693.0      202.0
     254.0      699.0
     972.0      154.0
     789.0      468.0
     147.0      457.0
     712.0      432.0
     843.0      401.0
      75.0      280.0
