<?xml version="1.0"?>
<opencv_storage>
<coins type_id="opencv-matrix">
 <rows>500</rows>
 <cols>1</cols>
 <dt>"2f"</dt>
 <data>
     318.0      286.0
     610.0      331.0
     743.0       67.0
     557.0      279.0
     495.0      570.0
     909.0      568.0
     345.0      336.0
     741.0      280.0
     423.0      560.0
     364.0      161.0
     505.0      438.0
     941.0      155.0
     275.0      182.0
     501.0      725.0
     839.0      218.0
     686.0      590.0
     423.0      575.0
     326.0      345.0
      20.0      437.0
     521.0      121.0
     692.0      631.0
     114.0       80.0
     765.0      128.0
     615.0      364.0
     345.0       71.0
     490.0      303.0
     193.0      651.0
     395.0      201.0
     559.0      276.0
     799.0      699.0
     629.0      396.0
     344.0      355.0
     793.0      291.0
     629.0      685.0
     583.0      362.0
     208.0      758.0
     250.0      251.0
     625.0      490.0
    1056.0      230.0
     542.0      529.0
     174.0      415.0
     740.0      220.0
     237.0      335.0
     333.0      533.0
     715.0      610.0
     277.0      377.0
     741.0      416.0
     893.0      708.0
     481.0      685.0
     912.0      275.0
     942.0      330.0
     444.0      640.0
     272.0      547.0
     541.0      579.0
    1024.0       83.0
     768.0      230.0
     926.0      220.0
     554.0      116.0
     342.0      159.0
     954.0      529.0
     401.0      227.0
     577.0      234.0
     658.0       58.0
     209.0      215.0
     422.0      459.0
     341.0       67.0
     315.0      589.0
     214.0      682.0
     957.0      652.0
     731.0      259.0
     331.0      693.0
     804.0      105.0
     542.0      233.0
     580.0      551.0
     725.0      547.0
     596.0      541.0
     343.0      721.0
    1067.0      366.0
     201.0      638.0
     988.0      302.0
     757.0      756.0
     798.0      219.0
     884.0      113.0
     637.0      416.0
     365.0      266.0
     714.0      717.0
     780.0      357.0
     250.0      262.0
     299.0      601.0
     662.0      749.0
     623.0      563.0
     895.0      512.0
    1138.0      665.0
     838.0      729.0
     655.0      600.0
     771.0      197.0
     395.0      688.0
     401.0      346.0
     818.0      549.0
     619.0      182.0
     856.0      698.0
     247.0      563.0
     326.0      240.0
     394.0      407.0
     841.0      667.0
     323.0      628.0
     444.0      653.0
     689.0      106.0
     741.0      279.0
     691.0      559.0
     653.0      638.0
     225.0       57.0
     747.0      653.0
     449.0      310.0
     637.0      727.0
     249.0      692.0
     728.0       58.0
     553.0      221.0
     747.0      779.0
     587.0      403.0
     255.0      562.0
     150.0      382.0
     657.0      276.0
     539.0      141.0
     830.0      553.0
     180.0      567.0
     563.0      302.0
     338.0      682.0
     241.0      297.0
     546.0      191.0
     671.0      334.0
     303.0      765.0
     319.0      711.0
     312.0      268.0
     402.0      271.0
     371.0      195.0
     478.0      749.0
    1057.0      425.0
     574.0      313.0
    1018.0      501.0
     273.0      650.0
     369.0      528.0
     189.0      368.0
     385.0      354.0
    1073.0      300.0
     441.0      292.0
     190.0      569.0
     180.0      573.0
     745.0      248.0
     866.0      235.0
     559.0      343.0
     194.0      236.0
     692.0      657.0
     885.0      664.0
     372.0      638.0
     615.0      344.0
    1007.0      544.0
    1014.0      513.0
     340.0      370.0
     731.0      376.0
     798.0      215.0
     587.0      772.0
      46.0       74.0
     935.0      392.0
     978.0      213.0
     950.0       53.0
    1051.0      160.0
     441.0      239.0
    1021.0      222.0
     188.0      174.0
     449.0      426.0
     926.0      602.0
     970.0      106.0
     730.0      571.0
     471.0      764.0
     636.0      445.0
     864.0      297.0
     337.0       64.0
     112.0      216.0
     569.0      195.0
     169.0      463.0
     512.0      487.0
     509.0      322.0
     476.0      429.0
     292.0       90.0
     849.0      522.0
     237.0      394.0
     498.0      514.0
     640.0      415.0
     733.0      426.0
     618.0      488.0
    1016.0      455.0
     606.0      342.0
     906.0      422.0
      89.0      521.0
     923.0      312.0
     814.0      157.0
     276.0       96.0
     475.0      191.0
     227.0      613.0
     783.0      353.0
     740.0      676.0
     355.0       97.0
     619.0      551.0
     437.0      733.0
     670.0       68.0
     156.0      416.0
     347.0      413.0
     340.0      428.0
     534.0      459.0
     519.0      344.0
     585.0      622.0
     451.0      325.0
     436.0      468.0
    1008.0      226.0
     519.0      201.0
     753.0      305.0
     492.0      634.0
     211.0      557.0
     846.0      497.0
     190.0      763.0
     867.0      707.0
     548.0      287.0
     822.0      514.0
     762.0      327.0
     756.0      141.0
     442.0      306.0
      33.0      302.0
     881.0      601.0
     787.0      578.0
     629.0      663.0
     468.0      234.0
     466.0      147.0
     786.0      650.0
     694.0      733.0
     499.0      253.0
     343.0      381.0
     213.0      241.0
    1073.0      241.0
     775.0      685.0
     679.0      380.0
     934.0      387.0
     926.0      773.0
     777.0      522.0
     493.0       92.0
     275.0      625.0
     652.0      611.0
     164.0      586.0
     900.0      440.0
     225.0      723.0
     514.0      298.0
     878.0      345.0
     598.0      747.0
     403.0       77.0
     309.0      758.0
     685.0      727.0
     513.0      221.0
     670.0      304.0
     385.0      270.0
    1003.0      308.0
     760.0      210.0
     367.0      533.0
     229.0      211.0
     689.0      582.0
     844.0      767.0
     422.0      164.0
     653.0      585.0
     434.0      338.0
     257.0      661.0
     874.0      564.0
     957.0      351.0
     787.0      305.0
     578.0      241.0
     817.0      249.0
     812.0      271.0
     568.0      122.0
     238.0      222.0
     619.0      544.0
     983.0      377.0
     256.0      125.0
     506.0      533.0
     792.0      152.0
     797.0      734.0
     318.0      620.0
     471.0      510.0
     228.0      137.0
     800.0      697.0
     573.0      185.0
     177.0      227.0
     503.0      259.0
     725.0      303.0
     175.0      336.0
     614.0      605.0
     472.0      289.0
     659.0       84.0
     399.0      329.0
     227.0      620.0
     564.0      549.0
    1042.0      163.0
     152.0      483.0
     268.0      604.0
     472.0      313.0
     347.0      306.0
     325.0      442.0
    1059.0      431.0
     208.0      558.0
     897.0      534.0
     426.0      200.0
     650.0      215.0
     276.0      742.0
      39.0      300.0
     552.0      535.0
     603.0      384.0
     534.0      242.0
     359.0      298.0
     540.0      500.0
     795.0      295.0
     558.0      290.0
     657.0      706.0
     138.0      160.0
     613.0      261.0
     609.0      741.0
     665.0      625.0
     347.0      610.0
     483.0      421.0
     627.0      515.0
     475.0      765.0
    1021.0      519.0
     322.0      206.0
     667.0      149.0
     812.0      546.0
     802.0      235.0
     713.0      291.0
    1141.0      588.0
     982.0       91.0
     931.0      715.0
     353.0      108.0
     997.0      279.0
      49.0      188.0
     791.0      488.0
     719.0      344.0
     815.0      241.0
     299.0      354.0
     539.0      554.0
     843.0      341.0
     909.0      579.0
     349.0      614.0
     174.0      192.0
     848.0      232.0
     506.0      294.0
     789.0      418.0
     336.0      517.0
     779.0      219.0
     289.0      653.0
     596.0       50.0
     385.0      462.0
     787.0      117.0
