<?xml version="1.0"?>
<opencv_storage>
<coins type_id="opencv-matrix">
 <rows>500</rows>
 <cols>1</cols>
 <dt>"2f"</dt>
 <data>
     658.0      835.0
     280.0      756.0
     292.0      669.0
     578.0      858.0
     555.0      450.0
     269.0      650.0
     609.0      593.0
     617.0      607.0
     466.0      853.0
     855.0      322.0
     803.0      256.0
     734.0      268.0
     302.0      861.0
     265.0      862.0
     586.0      538.0
     635.0      789.0
     761.0      566.0
    1203.0      747.0
     602.0      363.0
     586.0      362.0
     817.0      699.0
     664.0      757.0
     658.0      524.0
     771.0      397.0
     394.0      803.0
     357.0      928.0
     668.0      735.0
     483.0      544.0
     472.0      582.0
     419.0      605.0
     281.0      542.0
     692.0      788.0
     717.0      233.0
     356.0      690.0
     631.0      563.0
     592.0      747.0
     408.0      456.0
     484.0      846.0
     315.0      932.0
     508.0      412.0
     345.0      617.0
     695.0      597.0
     420.0      822.0
     340.0      348.0
     472.0      872.0
     388.0      562.0
     767.0      273.0
     514.0      461.0
     292.0      831.0
     530.0      381.0
     731.0      558.0
     547.0      643.0
     857.0      715.0
     656.0      396.0
     746.0      419.0
     343.0      483.0
     312.0      604.0
     254.0      578.0
     745.0      596.0
     652.0      263.0
     485.0      659.0
     479.0      746.0
     746.0      743.0
     370.0      587.0
     500.0      735.0
     511.0      862.0
     286.0      948.0
     498.0      442.0
     435.0      324.0
     768.0      207.0
     442.0      806.0
     788.0      676.0
     219.0      369.0
     260.0      682.0
    1204.0      678.0
     290.0      575.0
     862.0      585.0
     454.0      556.0
     786.0      499.0
     317.0      793.0
     801.0      343.0
     291.0      334.0
     306.0      391.0
     636.0      267.0
     801.0      492.0
     730.0      585.0
     286.0      395.0
     863.0      691.0
     797.0      613.0
     689.0      338.0
    1199.0      729.0
     831.0      560.0
     379.0      479.0
     840.0      466.0
     531.0      568.0
     817.0      291.0
     269.0      363.0
     365.0      767.0
     561.0      730.0
     805.0      302.0
     684.0      510.0
     535.0      612.0
     434.0      658.0
     280.0      470.0
     440.0      857.0
     736.0      387.0
     496.0      377.0
     573.0      481.0
     781.0      256.0
     710.0      814.0
     656.0      622.0
     816.0      421.0
     836.0      543.0
     706.0      415.0
     859.0      623.0
     379.0      775.0
     745.0      238.0
     292.0      484.0
     786.0      323.0
     856.0      449.0
     843.0      289.0
     730.0      334.0
     679.0      622.0
     805.0      433.0
     322.0      880.0
    1198.0      652.0
     822.0      471.0
     812.0      342.0
     342.0      852.0
     437.0      889.0
     588.0      648.0
     708.0      262.0
     771.0      782.0
     339.0      915.0
     453.0      656.0
     393.0      530.0
     794.0      376.0
     741.0      460.0
     304.0      456.0
     831.0      485.0
     471.0      689.0
     703.0      707.0
     615.0      427.0
     846.0      201.0
     355.0      581.0
     568.0      838.0
     757.0      434.0
     689.0      694.0
     266.0      771.0
     548.0      669.0
     716.0      747.0
     725.0      542.0
     545.0      352.0
    1196.0      460.0
     442.0      571.0
     469.0      664.0
     696.0      815.0
     763.0      347.0
     366.0      364.0
     533.0      307.0
     817.0      260.0
     819.0      397.0
     376.0      685.0
     781.0      528.0
     411.0      403.0
     447.0      531.0
     483.0      901.0
     528.0      674.0
     337.0      416.0
     572.0      533.0
    1191.0      783.0
     556.0      517.0
     621.0      776.0
     338.0      690.0
     487.0      295.0
     618.0      397.0
     744.0      677.0
     437.0      505.0
     728.0      500.0
     583.0      387.0
     416.0      646.0
     576.0      425.0
    1197.0      391.0
     744.0      494.0
     708.0      523.0
     357.0      667.0
     408.0      803.0
     277.0      845.0
     621.0      292.0
     632.0      611.0
    1198.0      801.0
     266.0      959.0
     265.0      936.0
     648.0      688.0
     527.0      776.0
    1194.0      572.0
     260.0      457.0
     699.0      371.0
     674.0      292.0
     437.0      832.0
     437.0      778.0
     266.0      513.0
     603.0      257.0
    1204.0      483.0
     673.0      262.0
     856.0      658.0
     645.0      570.0
     600.0      635.0
     544.0      804.0
     249.0      368.0
     838.0      750.0
     483.0      436.0
     599.0      805.0
     404.0      328.0
     565.0      279.0
     469.0      642.0
     615.0      638.0
     812.0      498.0
     647.0      512.0
     579.0      681.0
     302.0      360.0
     566.0      702.0
     302.0      552.0
     791.0      289.0
     451.0      729.0
     425.0      577.0
     325.0      625.0
     442.0      607.0
     670.0      347.0
     694.0      424.0
     501.0      478.0
     640.0      545.0
     316.0      966.0
     335.0      449.0
     519.0      347.0
     557.0      807.0
     606.0      840.0
     624.0      362.0
     819.0      658.0
     812.0      550.0
     788.0      646.0
     770.0      300.0
     251.0      702.0
     399.0      609.0
     634.0      643.0
    1205.0      696.0
     311.0      726.0
     679.0      820.0
     716.0      299.0
     231.0      515.0
     267.0      808.0
     250.0      434.0
     658.0      304.0
     379.0      810.0
     634.0      305.0
     552.0      844.0
     425.0      374.0
     510.0      367.0
     649.0      766.0
     528.0      281.0
     593.0      472.0
     524.0      702.0
     835.0      711.0
     803.0      322.0
     494.0      400.0
     349.0      367.0
     527.0      891.0
     634.0      585.0
     399.0      765.0
     698.0      401.0
     409.0      688.0
     270.0      709.0
     675.0      580.0
     413.0      479.0
     453.0      422.0
     857.0      561.0
     468.0      330.0
     661.0      371.0
     607.0      530.0
     396.0      309.0
     638.0      364.0
     387.0      613.0
     354.0      320.0
     452.0      914.0
     673.0      465.0
     325.0      492.0
     631.0      455.0
     445.0      700.0
     793.0      763.0
     336.0      561.0
     819.0      373.0
     773.0      629.0
     703.0      449.0
     363.0      744.0
     790.0      723.0
     607.0      475.0
     595.0      597.0
     841.0      685.0
     842.0      348.0
     416.0      922.0
     659.0      473.0
     769.0      729.0
     361.0      908.0
     528.0      844.0
     776.0      231.0
     371.0      610.0
     745.0      559.0
     297.0      913.0
     749.0      288.0
     689.0      237.0
     755.0      376.0
     827.0      354.0
     258.0      411.0
     435.0      427.0
     837.0      519.0
     698.0      497.0
     620.0      802.0
     495.0      318.0
     656.0      424.0
     414.0      531.0
     768.0      669.0
     580.0      586.0
     726.0      635.0
     515.0      487.0
     656.0      348.0
     596.0      502.0
     835.0      260.0
     483.0      515.0
     552.0      706.0
     630.0      830.0
     464.0      476.0
     485.0      469.0
    1194.0      424.0
     256.0      542.0
     315.0      340.0
     826.0      610.0
     690.0      460.0
     354.0      544.0
     359.0      508.0
     514.0      739.0
     675.0      547.0
     665.0      493.0
     352.0      957.0
     469.0      454.0
     399.0      734.0
     307.0      824.0
     309.0      666.0
     663.0      547.0
     763.0      619.0
     667.0      692.0
     811.0      234.0
     642.0      727.0
     854.0      367.0
     311.0      571.0
     777.0      429.0
     714.0      687.0
     793.0      268.0
