<?xml version="1.0"?>
<opencv_storage>
<coins type_id="opencv-matrix">
 <rows>500</rows>
 <cols>1</cols>
 <dt>"2f"</dt>
 <data>
     747.0      825.0
    1007.0      582.0
    1102.0      459.0
    1057.0      782.0
     892.0      885.0
     822.0      151.0
    1072.0      311.0
     860.0      576.0
    1136.0      542.0
     276.0       12.0
     339.0      762.0
     375.0      560.0
     371.0      214.0
     718.0      922.0
     249.0      796.0
    1356.0      424.0
    1359.0      666.0
     956.0      303.0
     999.0      770.0
    1102.0        0.0
    1344.0      512.0
    1324.0      578.0
    1080.0      483.0
    1228.0      686.0
     255.0      420.0
     960.0      142.0
     819.0      846.0
    1028.0       54.0
     299.0      789.0
     422.0       96.0
     276.0      847.0
     552.0      905.0
    1348.0      388.0
     983.0      460.0
     416.0      470.0
    1297.0      763.0
    1108.0      270.0
    1181.0      545.0
    1061.0      492.0
    1231.0      649.0
     885.0       15.0
     354.0        0.0
     900.0      330.0
    1258.0      476.0
    1266.0      273.0
     846.0        8.0
     434.0      311.0
      64.0      235.0
     680.0      475.0
    1095.0      767.0
     116.0      328.0
     959.0      642.0
     669.0      619.0
    1153.0       46.0
    1064.0       57.0
     758.0      251.0
     971.0       20.0
    1037.0      168.0
     786.0      468.0
    1230.0      201.0
     929.0      308.0
     511.0      859.0
    1359.0      754.0
     948.0      338.0
    1329.0      669.0
     927.0       37.0
     753.0        1.0
     643.0      664.0
    1247.0      433.0
     585.0      685.0
     855.0      535.0
     785.0      737.0
     878.0       44.0
     684.0      386.0
     510.0      283.0
    1337.0      284.0
    1317.0      201.0
     937.0      546.0
    1072.0      694.0
    1344.0      567.0
     760.0      556.0
    1033.0       89.0
     261.0      702.0
     502.0       74.0
    1193.0       93.0
     611.0      362.0
     462.0      502.0
    1027.0      121.0
    1359.0      330.0
     404.0        0.0
    1279.0      362.0
     137.0      460.0
     340.0      529.0
     926.0       72.0
    1133.0      663.0
     633.0      749.0
    1238.0       14.0
    1332.0      757.0
     268.0       47.0
     786.0      106.0
     749.0      592.0
     995.0      611.0
    1214.0      293.0
    1341.0      219.0
     307.0       12.0
     908.0      695.0
     652.0      825.0
     837.0       53.0
     214.0      320.0
     589.0      818.0
     542.0      731.0
     781.0      213.0
    1231.0      609.0
     264.0      281.0
    1312.0      358.0
     748.0      108.0
     195.0      722.0
     980.0      832.0
    1253.0      791.0
     919.0      119.0
     440.0       22.0
     553.0      363.0
    1199.0      624.0
     644.0      544.0
     344.0      255.0
     679.0      679.0
     947.0        4.0
    1285.0       56.0
    1053.0      616.0
     457.0      149.0
     664.0      300.0
     495.0      122.0
    1070.0      185.0
     165.0      639.0
    1210.0      598.0
     254.0      944.0
     619.0      564.0
     961.0      490.0
     268.0      507.0
     994.0       82.0
     134.0      774.0
     345.0      911.0
     464.0      955.0
    1250.0       56.0
     613.0      649.0
     724.0      537.0
    1268.0      419.0
     136.0      682.0
     863.0      718.0
     312.0      119.0
     400.0      411.0
     648.0      708.0
    1179.0      367.0
     380.0      692.0
     455.0      453.0
     181.0      899.0
     471.0      678.0
    1209.0      220.0
    1129.0       74.0
    1138.0      634.0
     373.0      734.0
    1036.0      761.0
     841.0      889.0
     408.0      905.0
     596.0      167.0
    1077.0      279.0
     961.0      727.0
     535.0      696.0
     952.0      672.0
     813.0      272.0
    1160.0      127.0
     986.0      535.0
     899.0      177.0
     237.0      201.0
    1029.0      429.0
     440.0      171.0
    1359.0      227.0
     657.0      377.0
    1285.0      590.0
    1260.0      553.0
     724.0      344.0
    1124.0      118.0
     342.0      287.0
     464.0      823.0
    1035.0      825.0
     324.0      321.0
      85.0      575.0
     351.0       48.0
     367.0      310.0
     783.0      292.0
     840.0      487.0
    1174.0      617.0
     690.0      591.0
     119.0        7.0
    1034.0      703.0
    1187.0      784.0
    1318.0      774.0
     694.0      286.0
     717.0      133.0
     397.0      526.0
    1240.0      156.0
     834.0      108.0
     768.0      509.0
      50.0      502.0
     582.0      321.0
     789.0      644.0
    1121.0      244.0
     959.0      215.0
     835.0      258.0
    1345.0      167.0
    1161.0      438.0
     888.0      244.0
      63.0      135.0
    1201.0      480.0
    1245.0       94.0
     391.0       29.0
     656.0      421.0
     959.0      420.0
     217.0      416.0
    1181.0      134.0
     421.0     1001.0
    1269.0      698.0
    1312.0      473.0
     949.0      102.0
    1271.0      632.0
    1275.0      195.0
     715.0      389.0
    1316.0      548.0
     893.0       96.0
    1096.0      120.0
     644.0      185.0
     987.0      205.0
     864.0      121.0
      14.0      153.0
    1068.0       23.0
    1081.0      372.0
     556.0      219.0
     539.0      980.0
     469.0      552.0
    1008.0      447.0
     124.0      383.0
    1149.0      262.0
       0.0      263.0
    1163.0      501.0
     204.0      603.0
    1265.0      150.0
    1251.0      239.0
    1272.0      742.0
     746.0      860.0
     823.0      539.0
     418.0      757.0
    1172.0      223.0
     693.0      520.0
     939.0      703.0
     176.0      151.0
    1065.0       96.0
     513.0      337.0
    1004.0      502.0
    1220.0      158.0
     757.0      639.0
     993.0      684.0
     863.0      439.0
    1091.0      154.0
     795.0      689.0
     335.0      723.0
     347.0      128.0
     786.0      554.0
    1008.0      139.0
    1015.0      281.0
    1122.0      555.0
    1059.0      390.0
     720.0      245.0
     254.0      627.0
     355.0      378.0
    1014.0      834.0
     856.0      230.0
    1197.0      515.0
     965.0      855.0
     540.0      479.0
    1296.0      281.0
     466.0      405.0
    1194.0      192.0
    1053.0      299.0
     501.0      399.0
     192.0      960.0
    1020.0      375.0
    1242.0      510.0
     548.0      131.0
     110.0       52.0
    1149.0      697.0
    1144.0      201.0
    1358.0      258.0
     717.0       48.0
     227.0      862.0
     441.0       70.0
     798.0      779.0
    1252.0      633.0
    1160.0      553.0
     367.0     1009.0
     677.0      861.0
     980.0      323.0
     599.0      277.0
    1354.0       64.0
    1282.0      772.0
     338.0      948.0
    1070.0      815.0
     643.0      258.0
     356.0      863.0
     937.0      577.0
    1049.0      347.0
     815.0      747.0
     782.0      921.0
     834.0      180.0
    1145.0       10.0
    1266.0      378.0
     712.0      480.0
    1159.0      777.0
     898.0      801.0
     503.0        6.0
    1324.0      342.0
     878.0      400.0
    1121.0      595.0
     932.0      466.0
     711.0      717.0
     913.0      428.0
     335.0      190.0
    1327.0       89.0
      75.0      306.0
     899.0      374.0
    1080.0      442.0
    1298.0      247.0
     923.0      247.0
     267.0      128.0
     748.0       57.0
     742.0      391.0
     597.0      465.0
      48.0      360.0
    1108.0      628.0
     173.0      194.0
     481.0      997.0
     889.0      635.0
      86.0      181.0
     557.0        9.0
     187.0      256.0
    1217.0      400.0
    1155.0      331.0
     938.0      627.0
    1091.0      197.0
     497.0      660.0
     325.0      414.0
    1195.0      297.0
     305.0      573.0
     749.0      463.0
     508.0      557.0
    1132.0      395.0
     120.0      139.0
    1035.0        2.0
