<?xml version="1.0"?>
<opencv_storage>
<coins type_id="opencv-matrix">
 <rows>500</rows>
 <cols>1</cols>
 <dt>"2f"</dt>
 <data>
     555.0       35.0
     946.0      344.0
     329.0      340.0
     391.0       39.0
     600.0      141.0
     928.0      487.0
     275.0      175.0
     927.0      113.0
     306.0      540.0
     900.0      343.0
     726.0      118.0
     355.0      501.0
     754.0      158.0
     869.0      533.0
     519.0      603.0
      91.0      501.0
     501.0      598.0
     861.0      587.0
     730.0       55.0
     386.0      268.0
     558.0      353.0
     921.0      332.0
     799.0       96.0
     223.0       75.0
     128.0      218.0
     690.0      187.0
     965.0      278.0
      87.0      278.0
     826.0      147.0
     891.0      280.0
     968.0      366.0
     631.0      339.0
     378.0      287.0
     674.0      592.0
     268.0      106.0
     985.0      354.0
     768.0      552.0
      54.0      161.0
     107.0      312.0
     447.0      553.0
     288.0      556.0
     483.0      150.0
     967.0      233.0
     154.0      415.0
     285.0      449.0
     183.0      601.0
     610.0      374.0
     304.0        2.0
     550.0      185.0
     869.0      269.0
     356.0      446.0
     140.0      192.0
     690.0      338.0
     806.0      332.0
     564.0      241.0
     411.0      167.0
     632.0      203.0
     816.0      439.0
     585.0      378.0
     824.0      506.0
     771.0      446.0
     241.0      131.0
     900.0      315.0
      32.0      381.0
     904.0      357.0
     355.0      313.0
     768.0      367.0
      53.0      588.0
     505.0      200.0
     317.0       97.0
     888.0      509.0
     903.0      591.0
     579.0      601.0
     214.0      475.0
     584.0      403.0
     491.0      464.0
     428.0      273.0
     560.0      403.0
     622.0      238.0
     234.0      409.0
     274.0       34.0
      75.0      486.0
      20.0       53.0
     839.0      406.0
      74.0      383.0
     415.0      281.0
     994.0      568.0
     494.0       50.0
     808.0      588.0
     455.0      243.0
     372.0       80.0
     143.0      513.0
     833.0      465.0
     519.0      457.0
     734.0      142.0
      13.0      352.0
     438.0      127.0
     644.0       84.0
     757.0      509.0
     162.0      572.0
      71.0      341.0
     942.0      324.0
      73.0      516.0
      30.0      448.0
     941.0      583.0
     488.0      328.0
     682.0       48.0
     654.0      594.0
     762.0      418.0
     811.0      299.0
     444.0      384.0
     662.0      541.0
     362.0      573.0
     902.0      383.0
     806.0      444.0
     729.0      243.0
     422.0      524.0
     327.0       45.0
     521.0      474.0
       5.0      592.0
     800.0      228.0
     456.0      516.0
      87.0      134.0
     418.0      398.0
     398.0      397.0
     182.0      405.0
     718.0      282.0
     843.0      522.0
     296.0      576.0
     783.0      508.0
     689.0      139.0
     833.0      583.0
     576.0      570.0
     504.0      375.0
     595.0      583.0
     854.0      299.0
      42.0      569.0
     698.0      409.0
     519.0      180.0
     714.0      540.0
     954.0      582.0
     660.0      226.0
     874.0      110.0
     174.0      309.0
     614.0       80.0
     109.0      268.0
     424.0      426.0
     178.0      563.0
     902.0      188.0
     910.0      264.0
     627.0       57.0
     216.0      519.0
       2.0      547.0
     921.0      154.0
     270.0       68.0
       3.0      435.0
     907.0      172.0
     640.0      443.0
     910.0      324.0
     959.0      474.0
     591.0       36.0
     755.0       94.0
     745.0      405.0
     966.0      339.0
     690.0      219.0
     959.0      263.0
     278.0      602.0
     204.0      601.0
     609.0      522.0
     527.0      443.0
     150.0      597.0
     547.0      466.0
     831.0       95.0
     332.0      577.0
     227.0      344.0
     541.0      594.0
     639.0      497.0
     123.0      161.0
     517.0      370.0
     240.0      114.0
     664.0      166.0
     247.0      463.0
     939.0      356.0
     517.0      129.0
     919.0      243.0
     286.0      488.0
     471.0       82.0
     476.0      406.0
     238.0      510.0
     409.0      377.0
     769.0      354.0
     429.0      547.0
     419.0      597.0
     982.0      427.0
     135.0      255.0
     217.0      549.0
     885.0      161.0
     878.0      428.0
     643.0       48.0
     601.0      557.0
     316.0      313.0
      95.0      477.0
     763.0      287.0
     433.0       95.0
     137.0      461.0
     235.0       14.0
     756.0      435.0
     347.0       48.0
     688.0      161.0
     549.0      149.0
      99.0      405.0
     688.0       97.0
     585.0      550.0
     340.0      418.0
      82.0      443.0
     460.0       99.0
     703.0      525.0
     796.0      349.0
     568.0      374.0
     724.0      596.0
     847.0      159.0
     887.0      239.0
     871.0       90.0
     544.0      329.0
     442.0      314.0
     616.0      389.0
     650.0      342.0
     861.0      281.0
     872.0      165.0
     345.0      606.0
     346.0      556.0
     776.0      191.0
     793.0      211.0
     451.0      417.0
     433.0      584.0
     370.0      190.0
     195.0      333.0
     922.0      363.0
     251.0      395.0
     529.0       74.0
     565.0      562.0
     525.0      202.0
     969.0      121.0
     292.0      138.0
     485.0      194.0
     350.0      464.0
     763.0      398.0
     925.0      202.0
     178.0      231.0
     842.0      508.0
     105.0      383.0
     589.0      288.0
      40.0      477.0
     914.0      218.0
     800.0       69.0
     506.0      445.0
      99.0       93.0
     171.0      540.0
     996.0      552.0
     113.0       24.0
     266.0      216.0
     402.0      326.0
     781.0      588.0
     358.0      338.0
     259.0       43.0
     855.0       77.0
      42.0      345.0
     743.0      590.0
      99.0      572.0
     707.0      141.0
     834.0      443.0
     790.0      448.0
     632.0      508.0
     806.0      122.0
     862.0      407.0
      20.0      128.0
      25.0      525.0
     565.0      131.0
     528.0      167.0
     633.0      221.0
     968.0      539.0
     417.0      310.0
     972.0       96.0
     210.0      390.0
     430.0       13.0
     972.0      412.0
     859.0      153.0
     496.0      170.0
     130.0      129.0
     737.0      516.0
     617.0      275.0
     770.0      460.0
     715.0      261.0
     734.0      390.0
     924.0      502.0
     889.0      147.0
     898.0      436.0
     547.0      217.0
     325.0      203.0
     763.0      222.0
     381.0      578.0
     976.0      446.0
     685.0      450.0
     608.0       99.0
     760.0      381.0
     986.0      319.0
     271.0      290.0
     819.0      349.0
     168.0      257.0
     962.0      352.0
      92.0      553.0
     292.0      390.0
     638.0      590.0
     297.0      351.0
     469.0      576.0
     247.0      239.0
     848.0      586.0
     393.0      476.0
     949.0      311.0
     685.0      507.0
     385.0      455.0
     981.0      490.0
     850.0      423.0
     933.0       94.0
     773.0      494.0
     717.0      440.0
     661.0       60.0
     955.0      373.0
     297.0      325.0
     583.0      117.0
     900.0      516.0
     838.0      232.0
     829.0      477.0
     749.0      370.0
     925.0      175.0
     975.0      302.0
     731.0      157.0
     457.0       12.0
     851.0      114.0
     475.0      296.0
     870.0      568.0
     861.0      242.0
     940.0      300.0
     657.0      358.0
     656.0      504.0
     613.0      414.0
     533.0      238.0
     963.0      496.0
     708.0      554.0
     844.0      387.0
     764.0      578.0
     835.0      134.0
     959.0      201.0
     305.0      432.0
     630.0      364.0
     559.0      262.0
     328.0      551.0
