<?xml version="1.0"?>
<opencv_storage>
<coins type_id="opencv-matrix">
 <rows>500</rows>
 <cols>1</cols>
 <dt>"2f"</dt>
 <data>
     766.0      629.0
    1265.0      424.0
     857.0      322.0
     441.0      775.0
     607.0      657.0
     611.0      503.0
     938.0      677.0
     225.0      607.0
     693.0      744.0
    1030.0      533.0
     816.0      525.0
     834.0      679.0
     450.0      647.0
     534.0      788.0
     965.0      420.0
     656.0      669.0
     166.0      173.0
     314.0      425.0
    1235.0      676.0
     267.0      469.0
    1242.0      609.0
     440.0      528.0
     365.0      781.0
    1162.0      401.0
     757.0      438.0
     200.0      667.0
    1122.0      719.0
     690.0      431.0
     451.0      686.0
    1125.0      323.0
     686.0      475.0
    1071.0      811.0
     306.0      192.0
     315.0      224.0
     394.0      361.0
    1050.0      689.0
     615.0      247.0
    1040.0      722.0
     774.0      678.0
     974.0      395.0
     994.0      630.0
     178.0      778.0
     796.0      738.0
    1048.0      492.0
     321.0      657.0
     480.0      762.0
     843.0      809.0
     813.0      804.0
     334.0      739.0
     665.0      642.0
     345.0      629.0
    1123.0      397.0
     782.0      469.0
     937.0      594.0
     871.0      545.0
     491.0      538.0
    1140.0      372.0
     586.0      333.0
    1027.0      780.0
     837.0      403.0
     170.0      434.0
     849.0      284.0
     419.0      249.0
     728.0      372.0
    1136.0      312.0
     475.0      741.0
     827.0      822.0
     796.0      536.0
     273.0      183.0
     992.0      287.0
     691.0      364.0
     999.0      707.0
     825.0      356.0
     392.0      770.0
     469.0      501.0
     494.0      444.0
     946.0      531.0
     735.0      288.0
    1161.0      823.0
     382.0      702.0
     928.0      276.0
     919.0      624.0
     251.0      781.0
    1251.0      374.0
     938.0      420.0
    1254.0      758.0
    1276.0      583.0
    1015.0      762.0
     811.0      698.0
     319.0      490.0
     312.0      701.0
     417.0      709.0
    1050.0      470.0
    1018.0      506.0
     964.0      759.0
     272.0      588.0
     517.0      634.0
    1299.0      323.0
    1213.0      490.0
     935.0      324.0
    1183.0      317.0
     709.0      352.0
     593.0      582.0
     321.0      574.0
     787.0      813.0
    1259.0      595.0
     735.0      577.0
    1105.0      721.0
     561.0      666.0
     448.0      472.0
     831.0      510.0
     622.0      634.0
     268.0      243.0
    1221.0      333.0
     796.0      270.0
    1133.0      699.0
     774.0      515.0
     922.0      365.0
     588.0      248.0
     254.0      761.0
     404.0      287.0
    1094.0      452.0
     905.0      417.0
     596.0      792.0
    1000.0      396.0
     406.0      630.0
    1117.0      818.0
     542.0      680.0
     956.0      344.0
     983.0      340.0
     200.0      310.0
     475.0      468.0
     863.0      359.0
     593.0      466.0
    1235.0      773.0
     489.0      605.0
     764.0      324.0
     259.0      653.0
     899.0      610.0
     421.0      398.0
    1071.0      621.0
     216.0      549.0
    1260.0      566.0
     720.0      607.0
     373.0      563.0
    1175.0      340.0
    1166.0      727.0
     179.0      209.0
     858.0      660.0
     164.0      414.0
     850.0      342.0
     404.0      555.0
     223.0      690.0
    1222.0      398.0
     777.0      283.0
     407.0      491.0
    1036.0      317.0
     844.0      746.0
     375.0      341.0
     492.0      781.0
     983.0      443.0
     761.0      713.0
     736.0      436.0
     871.0      402.0
     205.0      197.0
     297.0      264.0
     280.0      378.0
     739.0      531.0
     762.0      304.0
     704.0      689.0
     314.0      593.0
    1261.0      790.0
     861.0      585.0
    1201.0      718.0
     437.0      721.0
     343.0      391.0
     731.0      654.0
     693.0      624.0
     751.0      565.0
     708.0      527.0
     962.0      653.0
     837.0      652.0
     585.0      701.0
     618.0      567.0
     230.0      270.0
     997.0      744.0
     780.0      546.0
     636.0      345.0
     804.0      465.0
     448.0      329.0
    1235.0      387.0
     258.0      316.0
     239.0      723.0
    1199.0      799.0
     894.0      685.0
     638.0      503.0
     478.0      361.0
    1011.0      573.0
     617.0      404.0
     621.0      717.0
    1022.0      459.0
     573.0      302.0
     803.0      760.0
     504.0      369.0
    1094.0      367.0
     634.0      234.0
    1084.0      760.0
     294.0      477.0
    1214.0      817.0
     960.0      547.0
    1008.0      677.0
     713.0      393.0
    1042.0      644.0
     699.0      297.0
     674.0      381.0
     820.0      400.0
     255.0      674.0
    1196.0      782.0
    1281.0      547.0
     700.0      763.0
     626.0      587.0
    1049.0      772.0
     341.0      205.0
     187.0      381.0
     440.0      268.0
    1083.0      650.0
    1190.0      362.0
    1105.0      320.0
     861.0      301.0
    1224.0      800.0
     201.0      439.0
     174.0      739.0
     206.0      514.0
    1081.0      694.0
    1135.0      807.0
     468.0      304.0
     509.0      416.0
     919.0      592.0
    1026.0      631.0
     280.0      445.0
     537.0      514.0
     736.0      353.0
    1036.0      668.0
     357.0      692.0
     325.0      368.0
     396.0      211.0
     691.0      336.0
     172.0      262.0
     871.0      510.0
     518.0      523.0
    1267.0      612.0
     340.0      496.0
     816.0      493.0
    1209.0      770.0
     698.0      260.0
     422.0      462.0
     336.0      312.0
     376.0      662.0
    1240.0      353.0
     177.0      328.0
     403.0      791.0
    1179.0      676.0
    1037.0      510.0
     413.0      330.0
     922.0      805.0
     374.0      423.0
     750.0      482.0
     202.0      578.0
     573.0      793.0
     499.0      288.0
     238.0      224.0
     243.0      575.0
    1264.0      657.0
     933.0      755.0
     736.0      497.0
     332.0      517.0
    1071.0      458.0
     380.0      244.0
     881.0      715.0
     866.0      625.0
     977.0      782.0
     953.0      622.0
    1048.0      344.0
     714.0      421.0
     475.0      681.0
     955.0      370.0
     440.0      310.0
     389.0      460.0
    1076.0      517.0
     422.0      574.0
    1121.0      797.0
     439.0      809.0
     881.0      658.0
     662.0      611.0
     210.0      234.0
     322.0      795.0
     435.0      205.0
     785.0      396.0
     238.0      423.0
     577.0      635.0
     624.0      804.0
    1024.0      554.0
     211.0      770.0
     292.0      519.0
     228.0      650.0
     940.0      473.0
     663.0      346.0
     625.0      373.0
     810.0      586.0
    1272.0      526.0
     567.0      264.0
    1259.0      807.0
    1021.0      487.0
    1254.0      630.0
     817.0      729.0
     840.0      772.0
     632.0      267.0
    1148.0      792.0
    1263.0      347.0
    1072.0      784.0
     993.0      549.0
    1038.0      755.0
    1021.0      732.0
    1274.0      459.0
     754.0      803.0
     702.0      811.0
     422.0      514.0
     997.0      500.0
     256.0      527.0
     926.0      646.0
     758.0      369.0
     829.0      431.0
     856.0      457.0
    1055.0      602.0
    1058.0      714.0
     953.0      720.0
     472.0      802.0
    1197.0      337.0
     816.0      783.0
    1143.0      732.0
     903.0      720.0
     802.0      660.0
     623.0      482.0
     942.0      574.0
    1022.0      354.0
     973.0      633.0
     867.0      799.0
    1250.0      691.0
     233.0      629.0
     682.0      778.0
     743.0      696.0
     696.0      579.0
     892.0      814.0
     285.0      207.0
     893.0      542.0
     272.0      727.0
    1160.0      300.0
