<?xml version="1.0"?>
<opencv_storage>
<coins type_id="opencv-matrix">
 <rows>500</rows>
 <cols>1</cols>
 <dt>"2f"</dt>
 <data>
     746.0      290.0
     285.0      451.0
     303.0      272.0
     544.0      113.0
      74.0      385.0
     654.0      225.0
     451.0       49.0
      95.0      496.0
     768.0      563.0
     213.0      691.0
     469.0      769.0
     248.0      889.0
     340.0      593.0
     758.0      330.0
     516.0      112.0
     650.0        4.0
     426.0      393.0
     574.0      198.0
      96.0      691.0
     145.0      351.0
     189.0     1023.0
     667.0      387.0
     267.0      342.0
     721.0      895.0
       9.0      925.0
     335.0      737.0
     266.0      431.0
     387.0      721.0
     211.0      648.0
     537.0       83.0
     283.0      218.0
     683.0      431.0
     652.0      637.0
     701.0      156.0
     299.0      545.0
     301.0      767.0
      89.0      941.0
     796.0      818.0
     142.0      560.0
     736.0      886.0
     507.0      560.0
     417.0      504.0
     812.0      799.0
     696.0      454.0
     593.0      507.0
       5.0     1011.0
      60.0      272.0
     777.0      609.0
     668.0      619.0
     642.0      133.0
     695.0      640.0
     486.0      140.0
     814.0      533.0
     204.0      743.0
     815.0      576.0
     516.0      389.0
     545.0      200.0
     895.0      716.0
     316.0      814.0
     447.0      264.0
     108.0      113.0
     636.0      719.0
     802.0      564.0
     624.0      289.0
     539.0      870.0
     608.0      189.0
     151.0      834.0
     795.0      393.0
     573.0       63.0
     236.0      399.0
     467.0        0.0
     540.0      914.0
     122.0      584.0
     475.0      897.0
     128.0      148.0
     113.0      985.0
     599.0       54.0
     668.0      794.0
     129.0      471.0
     373.0      559.0
     581.0      560.0
     358.0      926.0
     355.0      867.0
     519.0      939.0
     573.0      512.0
     620.0      585.0
     690.0       66.0
      16.0      318.0
     797.0      519.0
     616.0      775.0
     142.0      905.0
     309.0      171.0
     748.0      388.0
      43.0      218.0
      57.0      401.0
     461.0      285.0
     348.0      624.0
     540.0      230.0
     484.0      517.0
     248.0      517.0
     404.0      614.0
     526.0      515.0
     499.0      964.0
     219.0      303.0
     154.0      614.0
     550.0      611.0
     448.0      333.0
      11.0      528.0
     177.0      853.0
     163.0      539.0
     729.0      461.0
     282.0      837.0
      63.0      144.0
     166.0      742.0
     173.0      283.0
      83.0      969.0
     225.0     1003.0
     335.0       10.0
     438.0      578.0
     593.0      653.0
     625.0        0.0
     291.0      355.0
     844.0      483.0
     676.0      361.0
     427.0       67.0
     511.0      654.0
      48.0      489.0
     286.0      784.0
      27.0      589.0
     546.0      820.0
     850.0      675.0
     370.0      819.0
     255.0      100.0
     595.0       18.0
     138.0      225.0
      14.0      210.0
     542.0      169.0
     603.0      152.0
     465.0      831.0
     189.0      898.0
     620.0       86.0
     696.0      262.0
     802.0      438.0
     387.0      640.0
     883.0      615.0
     650.0      180.0
     295.0      404.0
     593.0      755.0
     669.0      841.0
     486.0      943.0
     318.0       93.0
     265.0      191.0
     255.0      483.0
     627.0      460.0
     567.0      273.0
     464.0      451.0
     611.0      645.0
     419.0      536.0
     647.0       99.0
     806.0      354.0
     323.0      144.0
     538.0       29.0
     340.0      386.0
     149.0      175.0
     460.0      238.0
     300.0      486.0
     361.0      118.0
     706.0      693.0
     186.0      222.0
     501.0       16.0
       6.0      178.0
     201.0      830.0
     229.0      371.0
     544.0      406.0
     109.0      291.0
     617.0       36.0
     835.0      437.0
      85.0      315.0
     832.0      700.0
     684.0       23.0
     738.0      590.0
     399.0        1.0
     418.0      797.0
     413.0      570.0
     708.0      290.0
     602.0      476.0
     495.0      342.0
     170.0      951.0
     459.0      147.0
     388.0      867.0
     286.0      650.0
     839.0      562.0
     681.0      752.0
     516.0       39.0
     122.0      753.0
     782.0      516.0
     615.0     1000.0
     396.0      159.0
     432.0      658.0
     501.0      724.0
     505.0      922.0
     555.0      782.0
     227.0       71.0
     642.0      294.0
     690.0      608.0
     569.0        2.0
     439.0      614.0
     111.0      654.0
     385.0      482.0
     613.0      460.0
     488.0      793.0
     830.0      491.0
     825.0      602.0
     798.0      790.0
     162.0      397.0
     889.0      641.0
     746.0      351.0
      36.0      787.0
     435.0      868.0
     129.0      266.0
     524.0      284.0
     669.0      729.0
     224.0      774.0
     505.0      471.0
     732.0      260.0
     505.0      878.0
      25.0      418.0
     642.0       70.0
     351.0      766.0
     767.0      286.0
     791.0      463.0
      10.0      607.0
     623.0      690.0
     159.0      480.0
     638.0      527.0
     358.0       85.0
     323.0      621.0
     705.0      226.0
      66.0     1007.0
     804.0      625.0
     106.0      227.0
     703.0       11.0
     572.0     1011.0
     759.0      718.0
     740.0      556.0
     441.0      487.0
     666.0       64.0
     118.0     1013.0
     618.0      824.0
      33.0      750.0
     760.0      672.0
     663.0      918.0
     548.0      551.0
      72.0      646.0
     222.0      209.0
     652.0       29.0
     664.0      651.0
     361.0      224.0
     806.0      736.0
     541.0      458.0
     202.0      188.0
     575.0      112.0
     813.0      418.0
     897.0      684.0
     909.0      651.0
     625.0      156.0
     389.0      205.0
     642.0      248.0
     394.0      517.0
       4.0      704.0
     220.0      931.0
     567.0      361.0
     451.0      669.0
     438.0       98.0
     167.0      811.0
     598.0      820.0
     158.0      242.0
     442.0      405.0
     450.0      742.0
     835.0      396.0
     630.0       62.0
     127.0       98.0
     303.0       22.0
      16.0      668.0
     414.0      719.0
     417.0      178.0
      33.0      292.0
     580.0      590.0
     591.0      894.0
     685.0      815.0
     861.0      634.0
     225.0      738.0
     185.0      489.0
     877.0      567.0
     292.0      180.0
     487.0      575.0
     774.0      347.0
     709.0      350.0
     656.0      353.0
     748.0      643.0
     637.0      378.0
     156.0      944.0
     384.0      404.0
     698.0      575.0
     636.0      573.0
     602.0       91.0
     421.0      994.0
     845.0      514.0
     545.0      337.0
       0.0      986.0
     346.0      981.0
     382.0      349.0
     331.0      782.0
     204.0      408.0
     411.0      202.0
     748.0      685.0
      94.0      453.0
     528.0      614.0
     596.0      254.0
     861.0      603.0
     673.0      691.0
      10.0      742.0
      73.0      501.0
     862.0      523.0
     281.0      131.0
     846.0      712.0
     641.0      429.0
      40.0      654.0
      20.0      257.0
     433.0      833.0
     685.0      903.0
     923.0      690.0
     367.0      668.0
     419.0      469.0
     582.0      237.0
      57.0      328.0
     470.0      352.0
     458.0      980.0
     268.0      718.0
     282.0      971.0
     115.0      904.0
     637.0      812.0
      54.0      178.0
     420.0      939.0
     527.0      736.0
     515.0      198.0
     530.0     1020.0
     486.0      289.0
     558.0      674.0
     257.0      222.0
     451.0      189.0
     411.0      763.0
     706.0      770.0
     684.0      391.0
     372.0      890.0
     187.0      621.0
     140.0      413.0
