<?xml version="1.0"?>
<opencv_storage>
<coins type_id="opencv-matrix">
 <rows>500</rows>
 <cols>1</cols>
 <dt>"2f"</dt>
 <data>
     471.0      759.0
     801.0      129.0
     320.0      180.0
     963.0      287.0
     761.0      768.0
     398.0      332.0
     444.0       87.0
     319.0      628.0
    1149.0      701.0
     246.0       70.0
     361.0      492.0
     478.0      390.0
     787.0      683.0
     996.0      546.0
     336.0      518.0
     694.0      461.0
     476.0      188.0
     832.0      552.0
     112.0      307.0
     739.0       80.0
     763.0      619.0
     127.0      181.0
     533.0      337.0
     352.0      105.0
     697.0      438.0
    1082.0      185.0
    1128.0      413.0
      16.0      168.0
     680.0      387.0
     932.0      558.0
     509.0      483.0
     464.0      686.0
     649.0      408.0
    1046.0      262.0
     249.0      161.0
     547.0      237.0
     510.0      130.0
     311.0      452.0
     654.0      442.0
      84.0      231.0
     115.0      393.0
     356.0       67.0
     557.0      283.0
     654.0      505.0
    1114.0       44.0
    1146.0      430.0
     256.0      166.0
    1117.0      667.0
     605.0      364.0
     899.0      641.0
     794.0      104.0
      85.0      332.0
     850.0      485.0
     643.0      487.0
     852.0      223.0
     838.0      699.0
     323.0      739.0
     695.0      253.0
     687.0      675.0
     977.0      274.0
    1007.0      384.0
      28.0      136.0
     517.0      600.0
     160.0      145.0
     521.0      648.0
     743.0      574.0
     635.0      658.0
     232.0      344.0
     147.0      251.0
     855.0      266.0
     516.0      564.0
     259.0       72.0
     225.0      453.0
     661.0      670.0
     623.0      330.0
     803.0       75.0
     526.0      409.0
     978.0      571.0
     597.0      147.0
     213.0      601.0
     211.0      108.0
     193.0      247.0
       0.0       83.0
     773.0      665.0
     752.0      127.0
     350.0      570.0
    1102.0      172.0
     460.0      273.0
     735.0      246.0
    1092.0       94.0
     372.0      226.0
     239.0      443.0
     737.0      158.0
     693.0      117.0
     828.0      324.0
     649.0      751.0
     517.0      619.0
     525.0      724.0
     689.0      493.0
     397.0      302.0
    1079.0      369.0
    1140.0      598.0
     269.0      270.0
     355.0      348.0
    1067.0      115.0
    1126.0      243.0
     554.0      665.0
     526.0      533.0
     236.0      584.0
     225.0      308.0
     283.0      130.0
     449.0      404.0
     170.0      359.0
     393.0      386.0
     826.0      510.0
     602.0      283.0
     354.0       75.0
     158.0      269.0
     263.0      670.0
     343.0      604.0
     525.0      250.0
     176.0      464.0
    1074.0      123.0
     854.0      162.0
     130.0      391.0
     407.0      640.0
    1148.0      328.0
     227.0      172.0
     983.0       76.0
     967.0      401.0
     693.0      693.0
     409.0      175.0
     775.0       51.0
     804.0      154.0
     606.0      697.0
     159.0      296.0
     874.0       99.0
     679.0      209.0
     770.0      142.0
     295.0      397.0
     639.0      278.0
     555.0      177.0
     713.0      176.0
     682.0      406.0
    1077.0      142.0
     526.0      580.0
     780.0      353.0
     801.0      495.0
     252.0      712.0
     952.0      371.0
      46.0      200.0
     946.0      530.0
     102.0      177.0
     223.0      553.0
     161.0      329.0
    1034.0      286.0
     748.0      199.0
     912.0      299.0
    1071.0      443.0
     295.0      159.0
     346.0      515.0
     453.0      210.0
     450.0      296.0
     524.0       69.0
     438.0      538.0
     579.0      119.0
     770.0      321.0
     706.0      594.0
     263.0      142.0
     232.0      485.0
     709.0      220.0
     286.0      563.0
     294.0      333.0
     620.0      624.0
     313.0      495.0
     236.0      269.0
     130.0      425.0
     484.0      601.0
     695.0      178.0
     409.0      514.0
     843.0       91.0
     983.0      403.0
     324.0      208.0
     167.0      470.0
     429.0      586.0
     251.0      517.0
     370.0      246.0
     473.0      368.0
     848.0      327.0
     418.0      467.0
     625.0      230.0
     257.0      242.0
    1043.0      102.0
     626.0      550.0
     906.0      758.0
     605.0      123.0
     455.0      679.0
     384.0      245.0
     498.0      456.0
     388.0      479.0
     875.0      591.0
     327.0      714.0
     370.0       87.0
    1006.0       56.0
     525.0      778.0
      98.0      317.0
     953.0      267.0
     229.0      371.0
     923.0      483.0
     658.0      582.0
     622.0      224.0
    1031.0      650.0
     448.0      760.0
     945.0      174.0
     641.0      317.0
     723.0      582.0
     971.0      527.0
     822.0      633.0
     439.0      607.0
     270.0      785.0
     761.0      699.0
     713.0      498.0
     421.0      550.0
     507.0      320.0
     679.0      462.0
     485.0      299.0
    1074.0      610.0
     289.0      415.0
     277.0      403.0
     397.0      262.0
    1029.0      312.0
    1088.0      325.0
     866.0      651.0
     683.0      750.0
     514.0      440.0
     274.0      201.0
    1099.0      538.0
     384.0      517.0
     535.0      262.0
     985.0      118.0
     603.0      579.0
     550.0      211.0
    1005.0       41.0
     865.0      423.0
     335.0      393.0
     246.0      117.0
     667.0      322.0
     670.0      641.0
     760.0      160.0
    1111.0      617.0
     586.0      636.0
     819.0      201.0
     997.0      121.0
     684.0      355.0
     885.0       59.0
     965.0      210.0
     922.0      564.0
     380.0      589.0
     917.0      715.0
     529.0      674.0
     348.0      129.0
     605.0      410.0
     822.0      408.0
     845.0      281.0
     260.0      417.0
     924.0      638.0
     838.0      535.0
    1072.0      210.0
     783.0      770.0
    1121.0      635.0
     445.0       65.0
     552.0      468.0
     189.0      334.0
     149.0      444.0
    1008.0      252.0
     993.0       70.0
     747.0      737.0
     827.0      172.0
     999.0      183.0
     960.0      604.0
     452.0      515.0
     571.0      470.0
     969.0      465.0
     402.0      319.0
     179.0      519.0
      70.0      204.0
     539.0      519.0
     694.0      556.0
     245.0      742.0
     239.0      132.0
      12.0      115.0
     872.0      722.0
     270.0      301.0
      26.0      208.0
     446.0      435.0
     438.0      560.0
     417.0      107.0
     528.0      632.0
     301.0      262.0
     344.0      335.0
     453.0      363.0
     273.0      694.0
    1052.0       52.0
     576.0      600.0
     641.0      203.0
     862.0      295.0
    1068.0      482.0
     463.0      449.0
    1054.0      388.0
     608.0       63.0
     641.0      616.0
     264.0      567.0
     863.0      208.0
     188.0      207.0
     272.0      160.0
     432.0      360.0
     432.0      742.0
     228.0      646.0
     592.0      517.0
     784.0      606.0
     483.0      505.0
     105.0      374.0
     739.0      487.0
     298.0      752.0
    1166.0      384.0
    1086.0      139.0
     515.0      499.0
     252.0      388.0
     155.0      123.0
     165.0      190.0
     867.0      389.0
     833.0      257.0
     741.0      138.0
    1096.0      565.0
     690.0      389.0
     709.0      616.0
     955.0      443.0
     856.0      361.0
     816.0      408.0
     254.0      595.0
     208.0      488.0
     357.0      294.0
     380.0      385.0
     880.0      569.0
     566.0      574.0
     386.0      586.0
     316.0      661.0
     506.0      428.0
    1055.0      223.0
     352.0      403.0
     810.0      774.0
     534.0      555.0
     501.0      195.0
     735.0      453.0
     260.0      284.0
     354.0      159.0
     895.0      278.0
