<?xml version="1.0"?>
<opencv_storage>
<coins type_id="opencv-matrix">
 <rows>500</rows>
 <cols>1</cols>
 <dt>"2f"</dt>
 <data>
     417.0      518.0
     372.0      414.0
     872.0      765.0
     846.0      731.0
    1231.0      744.0
    1246.0      767.0
     998.0      641.0
     512.0      834.0
    1091.0      828.0
       4.0      455.0
      71.0      897.0
    1272.0      793.0
     479.0      473.0
     195.0      714.0
     385.0      893.0
     526.0      567.0
    1220.0      403.0
    1186.0      843.0
     840.0      409.0
    1252.0      743.0
     719.0      307.0
     717.0      814.0
     659.0      884.0
    1189.0      522.0
     911.0      797.0
     475.0      445.0
       1.0      363.0
    1024.0      650.0
     890.0      321.0
     695.0      735.0
    1009.0      719.0
     681.0      779.0
     125.0      710.0
     483.0      525.0
     396.0      614.0
     924.0      887.0
     985.0      322.0
     748.0      633.0
     616.0      720.0
     780.0      606.0
     723.0      623.0
    1258.0      684.0
    1300.0      863.0
     410.0      279.0
     478.0      728.0
     861.0      561.0
     695.0      585.0
    1070.0      614.0
    1182.0      644.0
     608.0      748.0
     353.0      517.0
     857.0      642.0
     149.0      765.0
    1211.0      813.0
     179.0      213.0
     669.0      805.0
    1174.0      366.0
     697.0      628.0
     971.0      496.0
     885.0      847.0
      25.0      735.0
    1222.0      555.0
     581.0      817.0
    1284.0      636.0
    1128.0      510.0
     953.0      441.0
     515.0      864.0
     897.0      884.0
     920.0      766.0
     532.0      675.0
    1054.0      677.0
     809.0      436.0
      54.0      585.0
     991.0      834.0
     132.0      611.0
     348.0      666.0
    1054.0      385.0
     923.0      363.0
     420.0      343.0
     162.0      391.0
     114.0      216.0
    1233.0      519.0
     608.0      782.0
     396.0      552.0
     110.0      899.0
     433.0      831.0
     436.0      416.0
     756.0      344.0
     890.0      385.0
     894.0      713.0
     945.0      557.0
     689.0      324.0
     161.0      699.0
    1000.0      347.0
     397.0      638.0
     494.0      397.0
     292.0      311.0
     833.0      798.0
    1053.0      649.0
       5.0      704.0
    1182.0      455.0
     892.0      429.0
     549.0      851.0
     455.0      599.0
     976.0      767.0
     802.0      553.0
    1079.0      868.0
     681.0      507.0
    1292.0      841.0
    1209.0      445.0
    1157.0      546.0
     509.0      582.0
    1108.0      795.0
     364.0      699.0
     671.0      633.0
     618.0      519.0
    1106.0      602.0
     190.0      485.0
     716.0      370.0
     256.0      301.0
     550.0      898.0
     892.0      458.0
    1072.0      829.0
     201.0      239.0
    1172.0      611.0
    1080.0      751.0
     932.0      826.0
     792.0      741.0
     143.0      472.0
     660.0      529.0
    1122.0      811.0
    1117.0      751.0
     610.0      827.0
     157.0      530.0
    1220.0      636.0
      93.0      525.0
     654.0      389.0
    1190.0      823.0
    1165.0      464.0
     368.0      262.0
     720.0      786.0
    1078.0      474.0
    1081.0      397.0
    1157.0      877.0
     987.0      454.0
    1240.0      710.0
     984.0      537.0
     551.0      303.0
    1006.0      528.0
    1006.0      507.0
     105.0      448.0
      63.0      859.0
    1127.0      354.0
     281.0      522.0
    1109.0      695.0
     645.0      706.0
     338.0      728.0
     111.0      780.0
     165.0      559.0
    1045.0      516.0
     937.0      481.0
     717.0      877.0
     749.0      427.0
    1059.0      449.0
     878.0      735.0
     334.0      487.0
    1019.0      467.0
     649.0      498.0
    1046.0      570.0
    1286.0      767.0
     717.0      678.0
     835.0      612.0
    1147.0      351.0
      19.0      775.0
     579.0      871.0
     961.0      518.0
     328.0      527.0
    1042.0      343.0
     609.0      438.0
    1197.0      714.0
     286.0      364.0
    1224.0      713.0
     215.0      585.0
     834.0      362.0
     412.0      439.0
     530.0      345.0
     539.0      781.0
     113.0      755.0
     636.0      860.0
    1262.0      643.0
    1089.0      623.0
     364.0      623.0
    1105.0      491.0
     273.0      549.0
       1.0      294.0
     944.0      340.0
     114.0      256.0
     797.0      678.0
     380.0      740.0
     912.0      474.0
    1084.0      656.0
    1002.0      668.0
     995.0      364.0
     741.0      609.0
     777.0      450.0
     842.0      578.0
    1296.0      785.0
     404.0      401.0
     661.0      676.0
     498.0      896.0
     828.0      753.0
      11.0      492.0
     417.0      770.0
     353.0      830.0
     655.0      734.0
    1231.0      777.0
    1006.0      749.0
     705.0      400.0
    1095.0      507.0
     758.0      595.0
     172.0      852.0
     149.0      584.0
    1027.0      443.0
     257.0      634.0
     576.0      679.0
    1260.0      492.0
     804.0      327.0
     654.0      606.0
      50.0      334.0
     783.0      429.0
     452.0      342.0
     918.0      739.0
    1246.0      622.0
     610.0      550.0
     303.0      495.0
     520.0      803.0
    1088.0      809.0
    1265.0      590.0
     719.0      344.0
     801.0      819.0
     994.0      412.0
    1177.0      405.0
     947.0      623.0
    1242.0      817.0
     994.0      867.0
     385.0      344.0
     201.0      752.0
     731.0      498.0
    1061.0      413.0
     199.0      454.0
     965.0      675.0
     427.0      729.0
    1230.0      363.0
      57.0      297.0
     229.0      383.0
    1139.0      530.0
     771.0      564.0
     742.0      877.0
     472.0      781.0
     334.0      699.0
     571.0      652.0
     524.0      706.0
      23.0      628.0
     302.0      785.0
      73.0      804.0
     483.0      558.0
     802.0      409.0
       7.0      514.0
     968.0      407.0
    1167.0      530.0
     934.0      506.0
     805.0      607.0
     822.0      890.0
     245.0      410.0
    1034.0      722.0
     920.0      427.0
     348.0      276.0
    1016.0      401.0
     373.0      791.0
    1082.0      426.0
    1263.0      552.0
     833.0      654.0
    1255.0      457.0
    1141.0      605.0
     695.0      432.0
      37.0      392.0
       0.0      791.0
    1152.0      770.0
     589.0      719.0
     968.0      826.0
    1091.0      707.0
     500.0      369.0
    1035.0      393.0
     978.0      880.0
     119.0      556.0
     866.0      884.0
     582.0      795.0
     775.0      776.0
    1150.0      492.0
     303.0      889.0
    1271.0      830.0
     329.0      644.0
     806.0      356.0
    1039.0      880.0
      49.0      222.0
      11.0      879.0
     151.0      505.0
     226.0      325.0
     860.0      449.0
     314.0      615.0
     943.0      648.0
    1205.0      625.0
      10.0      264.0
    1291.0      715.0
     683.0      668.0
     390.0      716.0
    1046.0      498.0
     224.0      544.0
     564.0      279.0
    1264.0      767.0
    1024.0      771.0
     823.0      674.0
    1029.0      695.0
    1259.0      659.0
     853.0      532.0
     908.0      681.0
     938.0      720.0
      84.0      559.0
     937.0      808.0
     561.0      454.0
      74.0      375.0
     350.0      862.0
    1092.0      552.0
     420.0      369.0
     433.0      640.0
      61.0      266.0
     270.0      760.0
     742.0      819.0
     449.0      457.0
     507.0      738.0
     307.0      239.0
     873.0      359.0
    1184.0      495.0
       5.0      578.0
     828.0      815.0
    1014.0      563.0
      64.0      616.0
     454.0      388.0
    1210.0      507.0
     636.0      367.0
     237.0      752.0
     193.0      640.0
     119.0      850.0
     232.0      808.0
    1206.0      469.0
     437.0      692.0
     748.0      656.0
