<?xml version="1.0"?>
<opencv_storage>
<coins type_id="opencv-matrix">
 <rows>500</rows>
 <cols>1</cols>
 <dt>"2f"</dt>
 <data>
     620.0      510.0
     643.0      783.0
     915.0      549.0
     462.0      837.0
     332.0      648.0
     911.0      378.0
     880.0      743.0
     889.0      471.0
     463.0      174.0
     783.0      299.0
    1096.0      330.0
     777.0      497.0
     981.0      227.0
     675.0      192.0
     525.0      799.0
    1107.0      644.0
     470.0      734.0
     865.0      748.0
     935.0      192.0
     948.0      632.0
    1171.0      739.0
     944.0      471.0
    1162.0      627.0
     848.0      402.0
     180.0      259.0
     108.0      186.0
     621.0      451.0
     641.0      714.0
     638.0      591.0
     986.0      581.0
     776.0      764.0
     690.0      259.0
    1061.0      558.0
     761.0      314.0
    1056.0      613.0
     321.0      257.0
     603.0      306.0
     161.0      197.0
     757.0      351.0
     301.0      144.0
    1174.0      537.0
     796.0      593.0
    1145.0      730.0
     973.0      256.0
    1143.0      488.0
     476.0      483.0
     751.0      238.0
     517.0      888.0
     678.0      436.0
     950.0      555.0
     370.0      527.0
     323.0      610.0
     461.0      711.0
     625.0      305.0
    1083.0      704.0
     711.0      889.0
     997.0      439.0
     810.0      298.0
     692.0      639.0
     523.0      774.0
     967.0      433.0
     317.0      477.0
     761.0      533.0
    1045.0      573.0
     822.0      368.0
     481.0      560.0
     734.0      888.0
     395.0      245.0
    1107.0      599.0
     197.0      147.0
    1026.0      857.0
     802.0      423.0
    1177.0      842.0
     384.0      273.0
     907.0      465.0
     929.0      210.0
    1061.0      699.0
     219.0      186.0
     476.0      798.0
     686.0      530.0
     571.0      902.0
     376.0      436.0
     739.0      172.0
     850.0      875.0
    1062.0      853.0
    1080.0      727.0
     500.0      325.0
     886.0      871.0
    1087.0      361.0
    1152.0      691.0
     423.0      345.0
     967.0      275.0
     280.0      204.0
     425.0      220.0
     649.0      524.0
    1167.0      716.0
     734.0      441.0
     567.0      467.0
     291.0      602.0
    1115.0      842.0
     621.0      898.0
     587.0      890.0
     648.0      897.0
     495.0      297.0
     881.0      510.0
    1216.0      717.0
     819.0      253.0
     943.0      447.0
    1180.0      781.0
    1053.0      393.0
     599.0      775.0
     387.0      836.0
     783.0      653.0
     624.0      180.0
     730.0      356.0
     482.0      685.0
     626.0      361.0
     963.0      816.0
    1071.0      448.0
     419.0      536.0
     899.0      629.0
    1112.0      435.0
     987.0      372.0
    1141.0      844.0
    1182.0      812.0
     277.0      480.0
    1070.0      497.0
    1015.0      525.0
     793.0      366.0
     497.0      856.0
    1006.0      641.0
     447.0      610.0
     595.0      571.0
    1029.0      398.0
     464.0      596.0
     881.0      718.0
     281.0      392.0
     496.0      381.0
     819.0      232.0
     870.0      179.0
     375.0      704.0
    1025.0      576.0
     925.0      467.0
     432.0      481.0
     746.0      733.0
     999.0      248.0
     358.0      315.0
     594.0      326.0
    1252.0      816.0
     849.0      672.0
     173.0      340.0
    1155.0      518.0
    1044.0      685.0
     718.0      401.0
     472.0      154.0
     229.0      157.0
     537.0      545.0
     343.0      514.0
     912.0      872.0
    1037.0      728.0
     801.0      880.0
     359.0      357.0
     396.0      774.0
     407.0      484.0
    1037.0      313.0
     857.0      266.0
     941.0      342.0
     989.0      627.0
     905.0      285.0
     544.0      866.0
     787.0      458.0
     615.0      629.0
    1044.0      519.0
    1024.0      611.0
    1229.0      758.0
     524.0      567.0
     225.0      314.0
     677.0      483.0
     695.0      813.0
     923.0      255.0
     913.0      350.0
     973.0      197.0
     409.0      879.0
     415.0      835.0
    1207.0      796.0
     729.0      253.0
     365.0      402.0
    1060.0      224.0
    1043.0      237.0
    1118.0      705.0
     929.0      622.0
    1114.0      664.0
    1219.0      780.0
     946.0      660.0
     713.0      275.0
    1151.0      669.0
     563.0      303.0
     398.0      402.0
     584.0      214.0
     335.0      178.0
      77.0      140.0
    1134.0      574.0
    1053.0      491.0
    1148.0      467.0
    1101.0      709.0
     341.0      578.0
     547.0      702.0
     770.0      516.0
    1138.0      440.0
     733.0      508.0
     601.0      724.0
     875.0      411.0
     910.0      664.0
     660.0      505.0
    1221.0      812.0
    1080.0      187.0
     702.0      243.0
     684.0      353.0
     936.0      710.0
     498.0      727.0
     384.0      652.0
     357.0      676.0
     614.0      200.0
     408.0      729.0
     711.0      769.0
     980.0      689.0
    1069.0      362.0
     653.0      845.0
     837.0      281.0
     236.0      459.0
     721.0      684.0
     552.0      780.0
     936.0      601.0
     636.0      565.0
     736.0      629.0
     823.0      490.0
     413.0      752.0
     382.0      728.0
    1050.0      301.0
     809.0      735.0
     666.0      760.0
     501.0      609.0
     690.0      725.0
     243.0      372.0
    1012.0      549.0
     793.0      618.0
     874.0      220.0
     550.0      626.0
    1179.0      575.0
    1179.0      661.0
     435.0      204.0
     779.0      709.0
     748.0      481.0
     740.0      574.0
     714.0      636.0
    1129.0      594.0
     805.0      526.0
     832.0      429.0
     657.0      211.0
    1172.0      600.0
     873.0      250.0
    1118.0      629.0
     381.0      337.0
     696.0      216.0
     543.0      461.0
    1008.0      576.0
     717.0      448.0
    1003.0      722.0
     761.0      729.0
     669.0      556.0
     443.0      179.0
     447.0      355.0
     812.0      708.0
    1164.0      489.0
    1000.0      312.0
     581.0      287.0
     101.0      143.0
     586.0      405.0
    1065.0      755.0
     468.0      258.0
     714.0      356.0
     618.0      546.0
     968.0      577.0
     799.0      180.0
     482.0      889.0
     436.0      519.0
     505.0      687.0
     787.0      207.0
     520.0      721.0
    1024.0      506.0
    1220.0      835.0
     800.0      265.0
     921.0      436.0
     677.0      600.0
     145.0      214.0
     908.0      704.0
     311.0      204.0
     952.0      529.0
     419.0      300.0
     766.0      682.0
    1018.0      445.0
     973.0      654.0
     180.0      314.0
     949.0      502.0
    1128.0      502.0
     942.0      739.0
    1032.0      355.0
    1090.0      384.0
     387.0      532.0
     489.0      525.0
     913.0      744.0
     929.0      374.0
     769.0      237.0
     698.0      297.0
    1027.0      236.0
     625.0      612.0
     488.0      198.0
     599.0      510.0
     369.0      767.0
    1209.0      688.0
     703.0      596.0
     595.0      835.0
     525.0      675.0
     555.0      648.0
     752.0      805.0
     967.0      388.0
     842.0      365.0
     274.0      454.0
     985.0      499.0
     334.0      334.0
     649.0      321.0
     736.0      395.0
     835.0      637.0
    1107.0      400.0
    1052.0      726.0
     427.0      811.0
     709.0      493.0
     469.0      755.0
     636.0      281.0
     625.0      409.0
     489.0      472.0
     627.0      329.0
     838.0      329.0
     893.0      563.0
     116.0      229.0
     574.0      526.0
     267.0      537.0
    1043.0      644.0
    1185.0      764.0
     823.0      879.0
     323.0      286.0
     457.0      543.0
     571.0      693.0
    1016.0      670.0
    1100.0      506.0
     450.0      765.0
     995.0      353.0
