<?xml version="1.0"?>
<opencv_storage>
<coins type_id="opencv-matrix">
 <rows>500</rows>
 <cols>1</cols>
 <dt>"2f"</dt>
 <data>
     568.0       45.0
     269.0      429.0
     859.0      494.0
     604.0      236.0
     597.0      127.0
     841.0      489.0
     659.0      339.0
     564.0      484.0
     140.0      658.0
     391.0      468.0
     126.0      149.0
     558.0      564.0
     852.0      220.0
     554.0      485.0
     156.0      191.0
     167.0      647.0
     137.0      469.0
     719.0      546.0
     203.0      619.0
     486.0      454.0
     111.0      353.0
     386.0      134.0
     860.0      410.0
     781.0       74.0
     536.0      135.0
     659.0       73.0
     860.0       22.0
     639.0      146.0
     589.0      299.0
     638.0       91.0
     125.0      530.0
     810.0      232.0
     539.0      266.0
     337.0      371.0
     591.0      480.0
     272.0      487.0
     178.0      650.0
     260.0      324.0
     374.0      122.0
     373.0      507.0
     826.0      519.0
     723.0       18.0
     481.0      371.0
     649.0      383.0
     819.0      470.0
     586.0      313.0
     513.0      439.0
     413.0      250.0
     763.0       48.0
     259.0      269.0
     278.0      118.0
     423.0      575.0
     267.0      557.0
     170.0      436.0
     155.0      309.0
     433.0      580.0
     696.0      457.0
     403.0      444.0
     584.0      476.0
     122.0      482.0
     654.0      464.0
     389.0      297.0
     241.0      559.0
     207.0      533.0
     595.0      165.0
     830.0      333.0
     814.0      241.0
     519.0      575.0
     398.0      545.0
     319.0      464.0
     604.0      482.0
     853.0      171.0
     156.0      592.0
     670.0      450.0
     350.0      348.0
     820.0      103.0
     639.0      411.0
     654.0      513.0
     306.0      592.0
     692.0      467.0
     388.0      433.0
     475.0      476.0
     556.0      374.0
     631.0      135.0
     414.0      563.0
     498.0      112.0
     614.0      137.0
     671.0      254.0
     468.0      464.0
     561.0      594.0
     783.0      243.0
     429.0      607.0
     639.0      549.0
     519.0      408.0
     333.0      237.0
     454.0      387.0
     323.0      616.0
     274.0      663.0
     303.0      473.0
     277.0      298.0
     438.0      422.0
     505.0      309.0
     231.0      560.0
     196.0      433.0
     148.0      274.0
     525.0      538.0
     811.0      148.0
     449.0      362.0
     422.0       59.0
     175.0      661.0
     638.0       44.0
     509.0      603.0
     192.0      620.0
     184.0      294.0
     277.0      586.0
      87.0      105.0
     827.0      252.0
     361.0      645.0
     550.0      543.0
     335.0      341.0
      86.0      178.0
      96.0      267.0
     239.0      113.0
     162.0      449.0
     345.0      229.0
     386.0      151.0
     825.0      145.0
     496.0      309.0
     550.0      556.0
     493.0      501.0
     311.0      616.0
     128.0      187.0
     353.0      544.0
     216.0      132.0
     547.0      174.0
     680.0      184.0
     696.0      376.0
     845.0      260.0
     690.0      355.0
     321.0       82.0
     631.0      558.0
     122.0      110.0
     289.0      313.0
     488.0      128.0
     830.0       17.0
     541.0      536.0
     370.0      636.0
     278.0      617.0
     314.0      451.0
     605.0      433.0
     708.0      545.0
     164.0      598.0
     777.0       57.0
     220.0      365.0
     501.0      473.0
     429.0      140.0
     186.0      679.0
     554.0      166.0
     839.0      222.0
     389.0       64.0
     793.0       14.0
     138.0      449.0
     713.0       55.0
     733.0       53.0
     222.0      344.0
     290.0      570.0
     816.0      330.0
     539.0      570.0
     635.0      279.0
     636.0      536.0
     153.0      460.0
     836.0       42.0
     136.0      625.0
     821.0      184.0
     253.0      418.0
     810.0      107.0
     551.0      189.0
     303.0      294.0
     281.0      325.0
     180.0      341.0
     680.0      348.0
     858.0       95.0
     130.0      560.0
     144.0      510.0
     251.0      208.0
     146.0      499.0
     412.0       67.0
     339.0      649.0
     424.0      540.0
     518.0      449.0
     201.0      347.0
     201.0      193.0
     819.0       23.0
     828.0       45.0
     413.0      583.0
     317.0      227.0
     844.0       62.0
     355.0      486.0
     567.0      501.0
     756.0      539.0
     817.0      458.0
     160.0      103.0
     842.0       75.0
     520.0       52.0
     318.0      657.0
     246.0       90.0
     617.0      550.0
     530.0      377.0
     160.0      616.0
     404.0      605.0
     844.0      309.0
     454.0      330.0
     828.0      399.0
     414.0      450.0
     481.0      483.0
     684.0       23.0
     189.0      196.0
     576.0      447.0
     332.0      594.0
     179.0      270.0
     550.0      213.0
     412.0      109.0
     359.0      209.0
     560.0      204.0
     848.0      475.0
     264.0       78.0
     717.0       72.0
     756.0       12.0
     859.0      296.0
     653.0       29.0
     640.0      424.0
     645.0      290.0
     232.0      387.0
     847.0      130.0
     613.0      110.0
     159.0      172.0
     569.0      362.0
     630.0      296.0
     326.0      404.0
     399.0      576.0
     172.0      635.0
     843.0      145.0
     442.0      455.0
     623.0      415.0
     653.0      545.0
     360.0      549.0
     644.0      360.0
      97.0      194.0
     405.0      467.0
     621.0      506.0
     826.0       63.0
     202.0      388.0
     818.0       80.0
     164.0      686.0
     163.0      295.0
     400.0      174.0
     521.0      605.0
     293.0      161.0
     257.0      566.0
     476.0      456.0
     740.0       37.0
     479.0       53.0
     860.0      273.0
     295.0      272.0
     198.0      479.0
     590.0      362.0
     693.0      209.0
     192.0      608.0
     251.0      258.0
     192.0      284.0
     824.0      322.0
     204.0      469.0
     216.0      508.0
     132.0      599.0
     599.0       36.0
     599.0      298.0
     826.0      127.0
     201.0       95.0
     730.0      545.0
     630.0      494.0
     211.0      574.0
     840.0      467.0
     842.0      184.0
     226.0      267.0
     196.0      248.0
     390.0      447.0
     689.0      555.0
     827.0      351.0
     372.0      239.0
     824.0      225.0
     585.0      505.0
     220.0      403.0
     625.0       72.0
     201.0      450.0
     653.0      491.0
     298.0      622.0
     259.0      659.0
     504.0       57.0
     442.0      225.0
     811.0       12.0
     434.0      599.0
     741.0       14.0
     157.0      667.0
     438.0      214.0
     393.0      634.0
     433.0      172.0
     683.0      221.0
     835.0      517.0
     578.0      163.0
     133.0      339.0
     358.0      529.0
     610.0      576.0
     585.0      443.0
     391.0      397.0
     152.0      433.0
     503.0      528.0
     854.0      347.0
     549.0      387.0
     830.0      234.0
     395.0      317.0
     576.0      481.0
     202.0      604.0
     832.0      411.0
     119.0      460.0
     570.0      207.0
     825.0      292.0
     860.0      159.0
     846.0       38.0
     405.0      570.0
     384.0      492.0
     536.0      592.0
     839.0      292.0
     502.0      426.0
     232.0      229.0
     787.0      534.0
     666.0      490.0
      93.0      127.0
     147.0      477.0
     663.0      352.0
     295.0      332.0
     439.0      311.0
     418.0      289.0
     139.0      107.0
     835.0        0.0
     199.0      221.0
     833.0      496.0
     187.0      475.0
     233.0      533.0
     451.0      348.0
     181.0      493.0
     269.0      475.0
     552.0      468.0
     853.0      141.0
     267.0      105.0
     615.0       50.0
     853.0      457.0
     189.0      659.0
