<?xml version="1.0"?>
<opencv_storage>
<coins type_id="opencv-matrix">
 <rows>500</rows>
 <cols>1</cols>
 <dt>"2f"</dt>
 <data>
     152.0      623.0
     319.0       70.0
     357.0       85.0
     789.0      673.0
     966.0      519.0
      77.0      280.0
     863.0      390.0
     297.0      350.0
     180.0      784.0
     733.0      186.0
     322.0      312.0
     159.0      270.0
     776.0      365.0
     121.0      474.0
    1025.0      486.0
     554.0      216.0
     766.0      686.0
     367.0      156.0
    1119.0      327.0
     588.0      446.0
     552.0      481.0
    1052.0      437.0
     222.0      269.0
     850.0      643.0
     958.0      494.0
     814.0      392.0
     996.0      243.0
    1141.0      591.0
     964.0      444.0
     214.0      553.0
    1054.0      184.0
     770.0      177.0
     631.0      310.0
     530.0      145.0
     147.0      208.0
     233.0      528.0
     742.0      413.0
     788.0      305.0
     598.0      621.0
     321.0      642.0
     422.0      560.0
     478.0      782.0
     133.0      327.0
     135.0      576.0
     545.0      163.0
     801.0      270.0
     992.0      576.0
     613.0      582.0
     211.0      244.0
     553.0      526.0
     444.0       61.0
     898.0      468.0
     557.0      777.0
     959.0      451.0
     338.0      715.0
     788.0      407.0
     783.0       55.0
     332.0      569.0
     159.0      661.0
     238.0      369.0
     265.0      113.0
     756.0      712.0
     821.0      680.0
     176.0      423.0
     118.0      557.0
     462.0      429.0
     785.0      197.0
     626.0      558.0
     868.0      666.0
     734.0      491.0
     421.0      462.0
     238.0      402.0
     165.0       90.0
      59.0       73.0
     701.0      247.0
     480.0      748.0
     772.0      395.0
     322.0      390.0
     556.0      168.0
     253.0      520.0
     432.0      584.0
     730.0      597.0
     513.0       84.0
     483.0      119.0
     267.0      150.0
     614.0      329.0
     111.0       76.0
     596.0      280.0
     281.0      369.0
     979.0      421.0
     142.0      358.0
     296.0      518.0
     949.0      576.0
     435.0      125.0
     900.0      382.0
    1027.0      193.0
     255.0      444.0
     255.0      496.0
    1019.0      166.0
     275.0      154.0
     611.0      293.0
     504.0      209.0
     172.0      469.0
     842.0      507.0
     958.0       91.0
      41.0       66.0
     132.0      453.0
     388.0      361.0
     702.0      292.0
     224.0      787.0
     179.0      347.0
     251.0      384.0
     367.0      717.0
     842.0      279.0
     233.0      311.0
     708.0      227.0
     900.0      153.0
     523.0       81.0
     282.0      527.0
     779.0      556.0
     434.0      186.0
     431.0      643.0
     625.0      441.0
     834.0      723.0
    1031.0      304.0
     935.0      601.0
      15.0      110.0
     757.0       48.0
     611.0      230.0
     976.0      166.0
       4.0      201.0
     447.0      197.0
    1125.0      623.0
     614.0       73.0
     210.0      398.0
      98.0      530.0
     383.0      289.0
     208.0      144.0
     763.0      578.0
     334.0      643.0
     173.0      285.0
     475.0      183.0
    1022.0      223.0
     588.0      661.0
     789.0      594.0
    1052.0      592.0
     918.0       63.0
     749.0      356.0
     293.0       56.0
     493.0      338.0
    1011.0      163.0
     560.0      328.0
     197.0      541.0
     757.0      602.0
     778.0      489.0
     584.0      144.0
     275.0       91.0
     420.0      275.0
     487.0      396.0
     462.0      594.0
    1042.0      267.0
     458.0      444.0
     960.0      589.0
     185.0      102.0
     144.0      378.0
     679.0      386.0
     595.0      559.0
     917.0      119.0
     883.0      600.0
     340.0      514.0
     775.0      512.0
     659.0      619.0
     876.0      681.0
     251.0      117.0
     619.0      324.0
      79.0      428.0
     894.0      176.0
     543.0      619.0
     843.0      179.0
     673.0      467.0
     736.0      773.0
     320.0      412.0
    1009.0      294.0
     182.0      524.0
     530.0      463.0
     357.0      621.0
     485.0      274.0
     745.0      460.0
     244.0      562.0
    1025.0       74.0
     585.0      512.0
     916.0      576.0
     318.0      601.0
     891.0       60.0
     559.0      686.0
     425.0      762.0
     578.0      677.0
     322.0      772.0
     165.0      433.0
     429.0      326.0
     247.0      706.0
     913.0      551.0
     906.0      438.0
     986.0      389.0
     213.0      570.0
     859.0      761.0
     453.0      468.0
     178.0      489.0
     922.0      381.0
     480.0      514.0
     352.0      552.0
     604.0      754.0
     774.0      425.0
     623.0      219.0
     354.0      244.0
     423.0      536.0
     699.0      592.0
     347.0      312.0
     541.0      476.0
     533.0      429.0
    1127.0      667.0
      27.0      139.0
     757.0      225.0
     357.0      132.0
     330.0      262.0
     219.0      498.0
    1057.0      323.0
     233.0      335.0
     229.0      669.0
     290.0      444.0
     326.0      194.0
     202.0      746.0
     239.0      200.0
    1016.0      532.0
     715.0      770.0
     416.0      555.0
     894.0      446.0
     757.0      261.0
     487.0      365.0
     170.0      145.0
     301.0      606.0
     860.0      365.0
     185.0      392.0
     461.0      351.0
     695.0      408.0
     783.0      326.0
     916.0      710.0
     594.0       74.0
    1022.0      398.0
     949.0      237.0
     471.0      691.0
     207.0      642.0
     690.0      555.0
     449.0       78.0
     818.0       59.0
     354.0      398.0
     907.0      263.0
     522.0      563.0
     565.0      123.0
     266.0      217.0
     347.0      124.0
     591.0      701.0
     625.0      280.0
     484.0      239.0
     376.0      426.0
      59.0      133.0
    1033.0      464.0
     406.0      218.0
     699.0      162.0
     232.0      358.0
     288.0      270.0
     508.0      331.0
     676.0      321.0
     235.0      236.0
     215.0      132.0
      26.0      288.0
     424.0      585.0
     398.0      514.0
    1033.0      499.0
     811.0      425.0
     314.0      102.0
     126.0      415.0
     327.0      225.0
     982.0      461.0
     247.0      602.0
    1003.0      137.0
     511.0      544.0
     239.0      735.0
     691.0      217.0
     696.0      702.0
     755.0      286.0
     361.0      348.0
     217.0      296.0
     203.0       77.0
     945.0      277.0
     582.0      470.0
     223.0      436.0
     377.0      763.0
     554.0      412.0
     649.0      494.0
     266.0      420.0
    1087.0       63.0
     695.0      368.0
     388.0      160.0
     688.0      487.0
     933.0      403.0
     462.0      743.0
     184.0      547.0
     231.0      182.0
      88.0      209.0
     417.0      458.0
     433.0      300.0
     985.0      596.0
     600.0      201.0
     791.0      226.0
     165.0      604.0
     401.0      763.0
     366.0      101.0
     280.0       70.0
      91.0      457.0
     699.0      615.0
     772.0      721.0
     613.0      208.0
       5.0       76.0
     206.0      708.0
     283.0      661.0
     538.0      139.0
     248.0      216.0
     668.0      756.0
     772.0      637.0
     550.0      632.0
     915.0      259.0
     399.0      340.0
     842.0      251.0
     642.0      674.0
     857.0      568.0
     842.0      410.0
     573.0      654.0
     705.0      741.0
     841.0      130.0
     210.0      594.0
     667.0      517.0
     824.0      147.0
     885.0      403.0
     206.0      228.0
     430.0      508.0
     184.0      649.0
     439.0      431.0
     986.0      215.0
      96.0      295.0
     453.0      377.0
     527.0      262.0
     918.0      639.0
     283.0      574.0
    1018.0      205.0
     519.0      467.0
     154.0      124.0
