<?xml version="1.0"?>
<opencv_storage>
<coins type_id="opencv-matrix">
 <rows>500</rows>
 <cols>1</cols>
 <dt>"2f"</dt>
 <data>
     338.0      542.0
     617.0       96.0
     378.0      663.0
     695.0      192.0
     486.0      549.0
     528.0      405.0
     696.0      218.0
     832.0       56.0
     959.0      447.0
     607.0      663.0
     227.0      414.0
     651.0      569.0
     668.0       53.0
     435.0       68.0
       0.0      192.0
      90.0      220.0
     733.0      762.0
      67.0       62.0
     174.0      293.0
     369.0      484.0
     341.0      777.0
     178.0       60.0
     586.0      109.0
     547.0      589.0
    1142.0      736.0
     503.0      104.0
     400.0      505.0
     970.0       93.0
    1046.0      440.0
     506.0       74.0
     774.0       63.0
     622.0      209.0
     310.0      594.0
     249.0      364.0
      93.0      319.0
     277.0      597.0
     359.0      622.0
     859.0      749.0
     411.0      431.0
     513.0      235.0
     172.0      469.0
     892.0      567.0
       5.0       71.0
     468.0      630.0
     322.0      634.0
     993.0      422.0
     810.0      711.0
     301.0      635.0
     694.0      451.0
     936.0      341.0
     563.0      342.0
     842.0      278.0
     979.0      194.0
     649.0      361.0
    1012.0      435.0
     236.0      145.0
     236.0      429.0
     526.0      770.0
     907.0      649.0
     351.0      727.0
     426.0      545.0
     628.0      171.0
     396.0      784.0
     564.0      375.0
     236.0      674.0
     436.0      564.0
     458.0      343.0
     647.0      549.0
    1131.0      624.0
     134.0      347.0
     277.0      107.0
     203.0      783.0
     548.0      287.0
     431.0      217.0
     175.0      382.0
     993.0      261.0
     180.0      368.0
     881.0      203.0
     680.0      561.0
     382.0      668.0
     423.0      145.0
      28.0      439.0
     590.0      511.0
     409.0      132.0
     713.0       93.0
     992.0      169.0
     917.0      572.0
     405.0      106.0
     502.0      580.0
     824.0      345.0
     559.0      156.0
     652.0      332.0
     306.0      163.0
     749.0      727.0
     488.0      594.0
     372.0      760.0
     971.0      178.0
     643.0      657.0
     445.0      782.0
    1076.0      288.0
     249.0      698.0
    1012.0      515.0
    1015.0      164.0
     742.0      166.0
     265.0      623.0
     730.0      472.0
     493.0      282.0
     693.0      742.0
     878.0      572.0
     223.0      146.0
     911.0      687.0
     729.0      368.0
     720.0      608.0
     168.0      529.0
     967.0      365.0
     897.0      386.0
     528.0      442.0
     784.0      291.0
     350.0       72.0
     684.0      529.0
     417.0      261.0
     372.0      287.0
     628.0      275.0
     231.0      494.0
     165.0      127.0
     164.0      149.0
    1126.0      694.0
     785.0      250.0
     519.0      474.0
     586.0      452.0
     132.0      125.0
     687.0      364.0
     776.0      102.0
     876.0      474.0
     900.0      459.0
    1039.0      280.0
      73.0      273.0
     154.0      248.0
     972.0       53.0
     930.0      202.0
     274.0      649.0
     351.0      451.0
     358.0       95.0
      94.0      468.0
     578.0      671.0
     915.0      454.0
     490.0      352.0
     173.0      569.0
     286.0      393.0
     752.0      386.0
     841.0      239.0
     813.0      635.0
    1091.0      102.0
     360.0      720.0
     286.0      139.0
    1002.0      220.0
     799.0      453.0
     529.0      464.0
     124.0      414.0
      77.0      411.0
     364.0       66.0
     309.0      726.0
     233.0      587.0
     633.0      412.0
     699.0      493.0
     200.0      558.0
     278.0      372.0
     988.0       88.0
    1022.0      322.0
     244.0      155.0
       5.0      405.0
     706.0      313.0
     881.0       68.0
     732.0      573.0
     667.0      464.0
     410.0      389.0
     339.0      586.0
     245.0       98.0
     598.0      310.0
     616.0      489.0
     350.0      372.0
     933.0      112.0
     903.0      236.0
     351.0      260.0
     910.0      716.0
     888.0      532.0
     256.0      369.0
     989.0      309.0
     902.0      424.0
     169.0      618.0
      73.0      348.0
     844.0      329.0
     249.0      490.0
     307.0      685.0
      91.0      519.0
     469.0      761.0
     979.0      118.0
     689.0      198.0
     292.0      691.0
     775.0      316.0
     431.0      527.0
     431.0      674.0
     360.0      233.0
     219.0      179.0
     380.0      116.0
     545.0      629.0
     182.0      429.0
     364.0      405.0
     965.0      387.0
     637.0      154.0
     360.0      244.0
     973.0      412.0
     984.0      193.0
     419.0      480.0
     911.0      241.0
     458.0      156.0
     530.0      178.0
     984.0       73.0
     184.0      463.0
     292.0       56.0
     201.0      210.0
     254.0      324.0
     400.0      382.0
     215.0      268.0
     763.0      329.0
     408.0      694.0
      53.0      117.0
     931.0      134.0
     703.0      491.0
     175.0      423.0
     711.0      432.0
     235.0       54.0
     747.0      528.0
     379.0      346.0
     496.0      746.0
     640.0      188.0
     641.0      777.0
     507.0      525.0
     380.0      144.0
     321.0      268.0
     270.0      733.0
     267.0      782.0
     911.0      772.0
     296.0      522.0
     334.0      699.0
     644.0      332.0
     482.0      718.0
     900.0      260.0
     274.0      212.0
     976.0      108.0
     604.0      259.0
     585.0      209.0
     745.0      684.0
     326.0      360.0
     108.0      199.0
     968.0      280.0
     510.0      212.0
     875.0      160.0
     775.0      688.0
    1041.0      485.0
      96.0      152.0
     541.0      507.0
     702.0      618.0
     694.0      591.0
     650.0      296.0
     642.0      601.0
     862.0      363.0
     431.0      331.0
     685.0      648.0
     878.0      542.0
     822.0      258.0
     410.0      249.0
     839.0      711.0
     352.0      415.0
     179.0      336.0
      86.0      250.0
     975.0      566.0
      49.0      464.0
     616.0      376.0
     301.0      424.0
     932.0      662.0
     791.0      167.0
     933.0      407.0
     316.0      601.0
     460.0      510.0
     765.0      116.0
     922.0      599.0
     784.0      157.0
     362.0      224.0
     325.0      291.0
    1027.0      493.0
      59.0      239.0
     599.0      603.0
     472.0      292.0
     207.0      345.0
     382.0       63.0
     213.0      624.0
     212.0      186.0
     800.0      661.0
     376.0      176.0
     583.0      279.0
     316.0      553.0
     346.0      306.0
     480.0      506.0
     811.0      395.0
     734.0      392.0
     534.0      679.0
     679.0      381.0
     704.0       64.0
    1002.0      394.0
     825.0      579.0
     555.0      535.0
     738.0      487.0
     297.0      780.0
     161.0       92.0
     949.0      147.0
     325.0      199.0
     983.0      587.0
     538.0      730.0
     135.0      160.0
     616.0      141.0
     927.0      265.0
     771.0      595.0
     152.0      637.0
     672.0      629.0
     702.0      238.0
    1017.0      470.0
    1016.0      534.0
     304.0      442.0
     328.0      562.0
     712.0      695.0
     975.0      153.0
     615.0      756.0
     216.0      294.0
     665.0       68.0
     331.0      325.0
     407.0      327.0
    1058.0      368.0
     765.0      245.0
     790.0      488.0
     729.0      334.0
     146.0      205.0
     321.0      372.0
     508.0      549.0
     950.0      489.0
     865.0      262.0
     512.0      393.0
     153.0      300.0
     628.0      628.0
     288.0      187.0
     788.0      426.0
      21.0      260.0
     777.0      220.0
     252.0      230.0
     596.0       51.0
     378.0      473.0
     625.0      253.0
