<?xml version="1.0"?>
<opencv_storage>
<coins type_id="opencv-matrix">
 <rows>500</rows>
 <cols>1</cols>
 <dt>"2f"</dt>
 <data>
    1334.0      471.0
     812.0      217.0
     659.0      858.0
     954.0      846.0
     651.0      807.0
     473.0      439.0
     946.0      721.0
    1070.0      583.0
    1163.0      649.0
     659.0      383.0
     980.0      369.0
     952.0       44.0
     437.0      542.0
     780.0      694.0
     805.0      459.0
     903.0      709.0
    1308.0      288.0
     591.0      658.0
     886.0       18.0
     853.0      522.0
     392.0      278.0
     834.0      572.0
    1047.0      538.0
     731.0      376.0
    1121.0      657.0
     978.0      718.0
     486.0      528.0
     702.0      200.0
    1291.0      505.0
     467.0      544.0
     648.0        0.0
     722.0      328.0
    1019.0      682.0
    1025.0      267.0
     931.0      437.0
    1242.0      509.0
     592.0      241.0
     956.0      388.0
     734.0      669.0
    1022.0       83.0
     852.0      774.0
    1157.0       28.0
     602.0      498.0
     385.0      460.0
    1260.0        1.0
     890.0       72.0
     978.0       29.0
    1024.0      423.0
    1206.0      349.0
     521.0      687.0
     771.0       63.0
     428.0      625.0
     560.0      411.0
    1296.0      317.0
    1193.0      469.0
    1109.0      700.0
     378.0      153.0
    1036.0       50.0
    1155.0      457.0
     860.0      347.0
     759.0      918.0
     266.0      117.0
     856.0      918.0
     581.0      626.0
     450.0       71.0
     754.0      241.0
     765.0      554.0
    1109.0      760.0
     810.0      671.0
    1211.0      405.0
    1285.0      235.0
    1114.0       42.0
     819.0      177.0
     394.0       95.0
    1247.0      570.0
    1324.0      259.0
    1038.0      396.0
     506.0      881.0
     645.0       33.0
     914.0      457.0
     704.0      342.0
    1239.0      439.0
     608.0      714.0
     991.0      232.0
     623.0      491.0
     515.0     1022.0
     522.0        0.0
     731.0      162.0
    1217.0      523.0
     804.0       59.0
     984.0      276.0
     859.0      732.0
     483.0       32.0
    1350.0      622.0
    1123.0      589.0
     544.0      842.0
    1225.0      217.0
    1196.0      497.0
    1001.0       81.0
    1328.0      553.0
     548.0      901.0
    1152.0      339.0
     856.0       77.0
    1082.0      345.0
     770.0      485.0
    1101.0      175.0
     809.0      405.0
    1128.0      754.0
     417.0      396.0
    1123.0      425.0
    1339.0      233.0
     675.0        6.0
     859.0      296.0
     864.0      561.0
     317.0      262.0
     431.0      573.0
     945.0      121.0
     652.0      962.0
     980.0      513.0
     896.0      610.0
     427.0      249.0
    1017.0       37.0
     888.0      739.0
     540.0       31.0
    1081.0      437.0
     926.0      748.0
     443.0      450.0
     590.0      414.0
     763.0      281.0
     963.0      360.0
     970.0       65.0
    1104.0      569.0
    1174.0       74.0
     913.0      776.0
    1358.0      473.0
    1311.0      340.0
     740.0      269.0
    1219.0      377.0
    1082.0      152.0
     334.0      222.0
    1233.0      600.0
     915.0      524.0
     684.0      233.0
    1359.0      512.0
    1151.0      200.0
    1085.0      112.0
     878.0      621.0
     702.0      107.0
    1061.0      144.0
     742.0      790.0
    1311.0      490.0
     997.0      554.0
     897.0      655.0
    1329.0      362.0
     599.0      842.0
    1100.0      410.0
     659.0      686.0
    1140.0      377.0
     992.0        2.0
     497.0      292.0
     909.0      630.0
     342.0      103.0
     532.0      391.0
     818.0      905.0
    1201.0      446.0
    1201.0      226.0
    1159.0      504.0
     295.0      199.0
     939.0        0.0
     915.0      830.0
     753.0      606.0
     671.0      797.0
    1061.0      797.0
     410.0      148.0
     715.0      678.0
    1180.0       46.0
     929.0      503.0
     522.0      855.0
     726.0      436.0
     714.0      255.0
    1053.0      647.0
     449.0      741.0
     452.0      665.0
     680.0      423.0
     435.0      198.0
     485.0      492.0
    1267.0      259.0
    1289.0       79.0
     950.0      605.0
     976.0      674.0
     866.0      795.0
     802.0      845.0
     763.0      761.0
     827.0      478.0
    1238.0      336.0
    1021.0      795.0
    1241.0      237.0
     593.0      107.0
    1170.0      430.0
    1181.0      497.0
    1167.0      208.0
     460.0       22.0
    1194.0      270.0
     933.0      383.0
    1322.0      230.0
    1115.0        1.0
     437.0      150.0
     452.0      509.0
    1168.0      370.0
     652.0      478.0
    1218.0      609.0
     473.0      600.0
    1240.0       19.0
    1278.0      547.0
    1253.0      130.0
     288.0      155.0
     658.0      546.0
     911.0       74.0
     935.0      817.0
    1141.0      547.0
     570.0      460.0
     984.0      472.0
     969.0      458.0
     483.0      741.0
     679.0     1022.0
    1095.0      368.0
    1139.0       83.0
     366.0      219.0
    1177.0      260.0
     830.0      677.0
     624.0      195.0
     579.0      494.0
    1277.0      100.0
    1096.0      267.0
     497.0       96.0
     562.0      547.0
    1233.0       50.0
     932.0      309.0
     678.0      879.0
     610.0      613.0
    1301.0      125.0
     490.0      682.0
     418.0      658.0
    1262.0      614.0
     784.0      196.0
     589.0      534.0
    1060.0      392.0
     650.0      318.0
    1113.0      368.0
     964.0      422.0
     754.0      870.0
     952.0      507.0
     808.0       14.0
     856.0      474.0
    1059.0      103.0
     624.0       59.0
    1173.0      472.0
    1062.0      176.0
    1088.0      771.0
     621.0      362.0
     874.0      251.0
    1321.0      403.0
     368.0       52.0
     725.0      874.0
     897.0      251.0
    1278.0       36.0
    1186.0      649.0
     787.0      953.0
    1173.0      326.0
    1204.0      700.0
     931.0       46.0
     996.0      359.0
     963.0      304.0
     586.0      280.0
    1016.0      299.0
     618.0      110.0
     851.0      398.0
     580.0      157.0
     664.0      269.0
    1357.0      340.0
    1168.0        1.0
     397.0      571.0
     617.0      744.0
     729.0      749.0
    1006.0      474.0
     652.0      434.0
     860.0      865.0
    1158.0       89.0
    1348.0      435.0
    1234.0      299.0
     477.0      826.0
     385.0      348.0
     784.0       14.0
     597.0      772.0
    1264.0       57.0
     526.0      256.0
    1055.0      222.0
     934.0      249.0
    1200.0       36.0
     737.0      974.0
    1234.0       84.0
     702.0      601.0
    1198.0      599.0
    1169.0      169.0
     911.0      577.0
    1140.0       29.0
     652.0      993.0
    1011.0      639.0
    1036.0      471.0
     945.0       82.0
     702.0       53.0
     587.0      326.0
     926.0      217.0
     774.0      154.0
     540.0      510.0
     747.0      700.0
     808.0      257.0
     623.0      845.0
    1013.0      713.0
    1342.0      499.0
    1174.0      533.0
    1281.0      275.0
     496.0      960.0
     626.0      555.0
     885.0      505.0
     620.0      977.0
     691.0      398.0
    1203.0      541.0
    1104.0      620.0
     731.0       11.0
     585.0      577.0
     557.0      981.0
     687.0      562.0
    1129.0      166.0
     849.0        0.0
    1326.0      299.0
    1223.0      264.0
     835.0      324.0
     716.0      819.0
     743.0      566.0
    1051.0      681.0
     675.0      360.0
     729.0       57.0
     498.0      621.0
     836.0      117.0
    1293.0      457.0
    1076.0      496.0
     945.0      418.0
    1029.0      203.0
     833.0       75.0
     707.0      144.0
    1256.0       29.0
     949.0      680.0
     452.0      411.0
     466.0      131.0
     879.0      834.0
     995.0      715.0
