<?xml version="1.0"?>
<opencv_storage>
<coins type_id="opencv-matrix">
 <rows>500</rows>
 <cols>1</cols>
 <dt>"2f"</dt>
 <data>
    1239.0      774.0
     685.0      315.0
     260.0      796.0
     171.0      434.0
     405.0      287.0
     691.0      431.0
     936.0      324.0
     840.0      772.0
     602.0      344.0
     525.0      538.0
    1284.0      514.0
     294.0      477.0
     214.0      549.0
     704.0      583.0
     803.0      760.0
     335.0      532.0
     574.0      301.0
     927.0      270.0
     228.0      442.0
     318.0      490.0
     200.0      667.0
     495.0      445.0
     894.0      685.0
     298.0      687.0
     837.0      622.0
     258.0      316.0
     774.0      678.0
     901.0      819.0
     822.0      263.0
     962.0      737.0
     832.0      508.0
     421.0      463.0
     716.0      561.0
     609.0      287.0
     200.0      310.0
     765.0      821.0
     448.0      475.0
     691.0      364.0
     993.0      287.0
     646.0      421.0
     690.0      334.0
     518.0      741.0
     471.0      501.0
     495.0      462.0
     494.0      780.0
     449.0      330.0
     720.0      793.0
     422.0      514.0
    1030.0      351.0
     827.0      820.0
    1032.0      818.0
     465.0      351.0
    1122.0      317.0
     163.0      413.0
     477.0      741.0
     503.0      475.0
    1142.0      295.0
     816.0      492.0
     693.0      539.0
     348.0      693.0
     985.0      398.0
     494.0      586.0
     708.0      652.0
    1278.0      357.0
     923.0      819.0
    1061.0      818.0
     779.0      545.0
     407.0      660.0
    1186.0      302.0
     193.0      178.0
     439.0      810.0
     272.0      510.0
     585.0      776.0
     305.0      190.0
     375.0      423.0
     938.0      505.0
     617.0      530.0
     848.0      397.0
     655.0      527.0
     292.0      518.0
    1161.0      820.0
     652.0      714.0
     851.0      536.0
     340.0      582.0
     583.0      754.0
     619.0      404.0
     800.0      662.0
     304.0      749.0
     313.0      423.0
     416.0      710.0
     631.0      300.0
     579.0      635.0
     468.0      561.0
     472.0      423.0
     713.0      679.0
     186.0      487.0
     378.0      397.0
     638.0      503.0
     378.0      626.0
     573.0      513.0
     715.0      421.0
    1072.0      424.0
    1285.0      469.0
     664.0      460.0
     662.0      611.0
     438.0      490.0
     495.0      327.0
    1243.0      310.0
     810.0      586.0
     965.0      759.0
     269.0      243.0
     352.0      509.0
     713.0      393.0
     242.0      575.0
     336.0      311.0
     994.0      818.0
     713.0      821.0
     377.0      686.0
     357.0      673.0
     503.0      368.0
    1286.0      488.0
    1239.0      795.0
     890.0      512.0
     684.0      447.0
     375.0      445.0
     196.0      755.0
     405.0      806.0
     235.0      307.0
     335.0      739.0
    1031.0      388.0
     325.0      683.0
    1077.0      819.0
    1257.0      806.0
     175.0      634.0
    1161.0      298.0
     792.0      366.0
     509.0      415.0
     417.0      249.0
     320.0      573.0
    1269.0      691.0
     977.0      782.0
    1243.0      823.0
     950.0      648.0
     421.0      398.0
     251.0      780.0
     603.0      375.0
     233.0      628.0
     708.0      527.0
     280.0      444.0
     343.0      390.0
     985.0      588.0
     274.0      742.0
     272.0      182.0
     906.0      707.0
     597.0      611.0
     762.0      281.0
     922.0      365.0
     845.0      732.0
     265.0      400.0
     223.0      481.0
     926.0      345.0
     202.0      578.0
     774.0      515.0
     295.0      646.0
     496.0      764.0
     551.0      338.0
     200.0      439.0
    1255.0      723.0
     757.0      329.0
     553.0      555.0
    1117.0      820.0
     795.0      819.0
     668.0      363.0
     699.0      297.0
    1273.0      606.0
     813.0      443.0
     451.0      646.0
     973.0      822.0
     226.0      606.0
     829.0      480.0
     796.0      739.0
     891.0      374.0
    1278.0      583.0
     390.0      461.0
     970.0      480.0
     905.0      417.0
     571.0      704.0
     338.0      802.0
     427.0      794.0
     377.0      815.0
     245.0      359.0
     662.0      249.0
     589.0      249.0
     619.0      568.0
     852.0      323.0
    1017.0      508.0
     454.0      605.0
     614.0      246.0
     706.0      351.0
     273.0      727.0
     868.0      817.0
     782.0      468.0
     564.0      665.0
     476.0      681.0
     499.0      289.0
     542.0      297.0
     862.0      297.0
     785.0      776.0
     954.0      449.0
     625.0      373.0
     692.0      744.0
     300.0      282.0
     633.0      393.0
     635.0      636.0
     254.0      380.0
    1239.0      719.0
     953.0      621.0
     217.0      460.0
     254.0      674.0
     375.0      661.0
     360.0      546.0
     175.0      739.0
     687.0      505.0
    1204.0      303.0
     312.0      718.0
     366.0      781.0
     829.0      438.0
    1264.0      347.0
     739.0      549.0
     291.0      605.0
     777.0      310.0
     466.0      756.0
     736.0      435.0
     688.0      648.0
     893.0      403.0
     911.0      686.0
     683.0      817.0
     919.0      592.0
     704.0      483.0
     608.0      657.0
     214.0      770.0
     953.0      720.0
     746.0      389.0
     884.0      435.0
     459.0      265.0
     617.0      449.0
     621.0      717.0
     914.0      653.0
     599.0      677.0
     923.0      783.0
     381.0      229.0
     205.0      197.0
     549.0      275.0
     172.0      262.0
     180.0      209.0
     466.0      304.0
     510.0      593.0
     942.0      784.0
     933.0      755.0
     974.0      503.0
     440.0      773.0
     178.0      459.0
     758.0      667.0
     750.0      256.0
     942.0      770.0
     700.0      261.0
     958.0      284.0
     395.0      360.0
     748.0      818.0
    1281.0      547.0
     990.0      361.0
    1115.0      292.0
     983.0      341.0
     545.0      237.0
    1278.0      377.0
     751.0      565.0
     538.0      465.0
     531.0      665.0
     756.0      633.0
     937.0      442.0
     656.0      481.0
    1260.0      322.0
     831.0      328.0
     917.0      324.0
     268.0      468.0
     482.0      819.0
     633.0      654.0
     820.0      295.0
     450.0      686.0
     892.0      337.0
     633.0      233.0
     988.0      479.0
     376.0      342.0
     406.0      631.0
     209.0      234.0
     518.0      634.0
     436.0      223.0
     361.0      212.0
     816.0      783.0
     271.0      589.0
     580.0      353.0
     624.0      775.0
     176.0      779.0
     891.0      650.0
     228.0      650.0
     705.0      689.0
    1215.0      819.0
     763.0      713.0
     491.0      538.0
     508.0      723.0
     391.0      769.0
     647.0      755.0
     795.0      597.0
     593.0      582.0
     217.0      390.0
     936.0      594.0
     982.0      765.0
     337.0      763.0
     607.0      772.0
     396.0      212.0
     691.0      610.0
     178.0      328.0
     556.0      479.0
     634.0      688.0
     726.0      372.0
     566.0      816.0
     762.0      541.0
     736.0      272.0
    1047.0      328.0
     544.0      770.0
     919.0      394.0
     440.0      569.0
     845.0      492.0
     256.0      527.0
     940.0      459.0
     846.0      640.0
     422.0      574.0
    1060.0      286.0
     438.0      621.0
    1262.0      790.0
     352.0      356.0
     567.0      382.0
     645.0      465.0
     944.0      581.0
     983.0      443.0
     433.0      351.0
    1016.0      275.0
     377.0      269.0
     238.0      423.0
     872.0      402.0
     858.0      437.0
     758.0      369.0
     859.0      673.0
     868.0      269.0
     847.0      712.0
     310.0      701.0
     441.0      528.0
