<?xml version="1.0"?>
<opencv_storage>
<coins type_id="opencv-matrix">
 <rows>500</rows>
 <cols>1</cols>
 <dt>"2f"</dt>
 <data>
     790.0      813.0
     676.0      193.0
     978.0      538.0
    1198.0      748.0
    1036.0      334.0
     245.0      303.0
     387.0      836.0
     359.0      678.0
    1036.0      785.0
    1056.0      614.0
     874.0      220.0
     783.0      299.0
     575.0      794.0
     811.0      298.0
     650.0      321.0
    1112.0      434.0
     527.0      204.0
     593.0      681.0
     425.0      810.0
     321.0      257.0
     839.0      330.0
     483.0      686.0
     641.0      715.0
     541.0      307.0
     622.0      510.0
     655.0      765.0
     654.0      379.0
     395.0      245.0
     757.0      351.0
     907.0      465.0
     180.0      259.0
     615.0      384.0
     584.0      214.0
     275.0      159.0
     881.0      510.0
    1177.0      843.0
     652.0      835.0
    1165.0      491.0
     842.0      844.0
    1190.0      606.0
     902.0      812.0
     995.0      684.0
     301.0      144.0
    1072.0      338.0
    1229.0      758.0
     500.0      326.0
    1016.0      670.0
     337.0      401.0
    1130.0      796.0
     385.0      651.0
     334.0      334.0
     316.0      476.0
     858.0      705.0
     448.0      355.0
     686.0      530.0
     332.0      648.0
     490.0      473.0
     759.0      774.0
    1000.0      312.0
     825.0      535.0
    1143.0      488.0
     548.0      533.0
    1156.0      566.0
     876.0      441.0
     946.0      660.0
     330.0      446.0
     385.0      273.0
     659.0      506.0
     887.0      675.0
     929.0      210.0
     714.0      635.0
     610.0      730.0
    1070.0      448.0
     536.0      892.0
     525.0      567.0
     211.0      450.0
     826.0      788.0
    1101.0      840.0
    1044.0      694.0
     712.0      770.0
     974.0      198.0
     359.0      357.0
     857.0      266.0
    1209.0      688.0
     502.0      821.0
     623.0      180.0
     972.0      820.0
     933.0      749.0
    1155.0      518.0
     436.0      519.0
     850.0      673.0
     367.0      590.0
     927.0      622.0
     718.0      233.0
     735.0      628.0
    1015.0      837.0
     868.0      679.0
    1031.0      430.0
     370.0      528.0
    1008.0      379.0
    1046.0      519.0
     874.0      251.0
     452.0      812.0
    1029.0      399.0
     455.0      852.0
     355.0      436.0
     793.0      841.0
     860.0      583.0
     862.0      823.0
     893.0      851.0
     760.0      582.0
     677.0      754.0
     742.0      665.0
    1037.0      837.0
     939.0      821.0
     464.0      597.0
     975.0      649.0
     907.0      686.0
    1101.0      710.0
     802.0      423.0
     472.0      154.0
     999.0      248.0
     632.0      733.0
    1062.0      263.0
    1148.0      468.0
     581.0      876.0
     702.0      244.0
     489.0      525.0
     357.0      477.0
    1094.0      452.0
     319.0      506.0
     889.0      210.0
     948.0      501.0
     436.0      905.0
     531.0      399.0
     912.0      491.0
     636.0      590.0
     421.0      375.0
     470.0      308.0
     341.0      579.0
     468.0      257.0
     588.0      492.0
     408.0      484.0
     981.0      227.0
    1024.0      506.0
    1215.0      717.0
     433.0      482.0
     121.0      167.0
     747.0      479.0
     604.0      306.0
    1096.0      330.0
     323.0      610.0
     566.0      633.0
     683.0      414.0
     968.0      578.0
     500.0      765.0
     798.0      546.0
     574.0      527.0
     718.0      401.0
     382.0      337.0
     657.0      210.0
     639.0      677.0
     498.0      728.0
     989.0      627.0
    1150.0      594.0
     812.0      708.0
     281.0      392.0
     933.0      400.0
     453.0      725.0
     731.0      700.0
     376.0      436.0
     544.0      664.0
     271.0      338.0
     996.0      354.0
    1012.0      549.0
     842.0      531.0
     795.0      865.0
     197.0      147.0
     770.0      516.0
    1073.0      637.0
     878.0      614.0
    1016.0      524.0
    1168.0      717.0
     866.0      803.0
     423.0      345.0
     795.0      788.0
    1054.0      806.0
     479.0      561.0
    1220.0      834.0
    1135.0      387.0
    1050.0      301.0
     586.0      387.0
     848.0      729.0
    1097.0      411.0
     613.0      892.0
     372.0      750.0
     800.0      266.0
     786.0      207.0
     625.0      359.0
    1075.0      826.0
     312.0      204.0
     998.0      220.0
    1008.0      577.0
    1118.0      577.0
    1068.0      315.0
     567.0      468.0
     454.0      278.0
     546.0      866.0
     195.0      219.0
    1029.0      749.0
     875.0      786.0
    1019.0      445.0
     406.0      729.0
     266.0      537.0
     698.0      471.0
    1033.0      355.0
     715.0      710.0
     460.0      693.0
    1046.0      573.0
     230.0      158.0
     653.0      614.0
     832.0      860.0
     567.0      749.0
     918.0      659.0
     446.0      610.0
     595.0      326.0
     886.0      826.0
    1039.0      602.0
     837.0      283.0
     558.0      850.0
     698.0      297.0
     864.0      875.0
     911.0      378.0
     926.0      525.0
    1051.0      670.0
    1191.0      795.0
     476.0      482.0
     900.0      630.0
     408.0      880.0
     932.0      292.0
     980.0      801.0
     994.0      403.0
     766.0      682.0
    1143.0      823.0
     625.0      305.0
     889.0      472.0
     492.0      358.0
     133.0      255.0
     762.0      315.0
     367.0      285.0
    1129.0      703.0
     980.0      845.0
     280.0      204.0
     952.0      556.0
     539.0      181.0
    1070.0      363.0
    1170.0      738.0
     634.0      880.0
    1040.0      735.0
     173.0      339.0
     880.0      743.0
    1151.0      669.0
    1128.0      502.0
     944.0      471.0
     824.0      490.0
     692.0      639.0
     677.0      436.0
     734.0      441.0
    1112.0      468.0
     769.0      237.0
     912.0      211.0
     556.0      384.0
    1117.0      717.0
     905.0      285.0
     649.0      454.0
     570.0      901.0
     996.0      839.0
     523.0      775.0
     676.0      344.0
     713.0      275.0
     650.0      524.0
     251.0      477.0
    1012.0      794.0
     110.0      186.0
    1220.0      813.0
     639.0      852.0
    1014.0      301.0
     744.0      803.0
    1027.0      578.0
     914.0      351.0
     775.0      795.0
     574.0      816.0
     921.0      437.0
     636.0      565.0
     880.0      181.0
     364.0      565.0
     335.0      178.0
     818.0      752.0
     879.0      867.0
     558.0      228.0
     749.0      869.0
     316.0      665.0
     419.0      300.0
    1081.0      424.0
     858.0      635.0
     145.0      214.0
     598.0      183.0
     216.0      342.0
     614.0      631.0
     594.0      571.0
     435.0      204.0
     969.0      861.0
     987.0      372.0
     180.0      314.0
     793.0      367.0
     333.0      714.0
     463.0      174.0
     734.0      508.0
     938.0      579.0
     552.0      779.0
    1043.0      645.0
     842.0      365.0
     209.0      405.0
     674.0      288.0
     880.0      374.0
     967.0      388.0
     458.0      544.0
     804.0      526.0
     913.0      310.0
     823.0      685.0
     673.0      672.0
     737.0      395.0
     987.0      582.0
    1025.0      288.0
     443.0      179.0
    1080.0      186.0
     243.0      372.0
     539.0      547.0
     911.0      869.0
     584.0      742.0
     848.0      404.0
     721.0      555.0
     577.0      451.0
     893.0      563.0
     677.0      483.0
     975.0      731.0
    1002.0      722.0
    1109.0      671.0
    1101.0      747.0
     738.0      573.0
    1061.0      224.0
     606.0      460.0
     695.0      194.0
     989.0      522.0
    1157.0      810.0
     468.0      779.0
     982.0      427.0
