<?xml version="1.0"?>
<opencv_storage>
<coins type_id="opencv-matrix">
 <rows>500</rows>
 <cols>1</cols>
 <dt>"2f"</dt>
 <data>
     390.0      617.0
     719.0      282.0
     194.0      679.0
     816.0      422.0
     394.0      632.0
     846.0      451.0
     340.0      139.0
     446.0      491.0
     603.0      424.0
     280.0      185.0
     433.0      160.0
     173.0      251.0
     611.0      480.0
     821.0      217.0
     187.0      182.0
     126.0      443.0
     844.0      141.0
     443.0      374.0
     692.0      375.0
     521.0      595.0
     816.0      335.0
     831.0      490.0
     415.0      249.0
     481.0      566.0
     569.0       75.0
     706.0      400.0
     438.0      303.0
     821.0      419.0
     462.0      159.0
     264.0      363.0
     253.0      169.0
     743.0      438.0
     100.0      264.0
     454.0       62.0
     586.0      129.0
     813.0       83.0
     100.0      120.0
     400.0      225.0
     615.0      323.0
     306.0      181.0
     822.0      355.0
     845.0      345.0
     543.0      200.0
     576.0      419.0
     818.0      171.0
     106.0      105.0
     347.0      114.0
     389.0      431.0
     458.0      398.0
     786.0      144.0
     268.0      473.0
     856.0      156.0
     803.0      254.0
     785.0       30.0
     662.0      157.0
     437.0      623.0
     177.0      570.0
     383.0      251.0
     670.0      544.0
     437.0      475.0
     645.0      190.0
     830.0      231.0
     848.0      439.0
     705.0      197.0
     755.0      256.0
     685.0       29.0
     369.0       93.0
     391.0      483.0
     457.0       88.0
     720.0      405.0
     157.0      356.0
     549.0      387.0
     449.0      389.0
     204.0      278.0
     781.0      287.0
     329.0      449.0
     787.0      385.0
     847.0      140.0
     766.0       81.0
     777.0      237.0
     598.0      257.0
     681.0      394.0
     545.0      204.0
     542.0      462.0
     661.0       60.0
     729.0       98.0
     487.0      313.0
     473.0      242.0
     266.0      408.0
     594.0      143.0
     556.0      582.0
     769.0      465.0
     815.0      400.0
     480.0      108.0
     821.0      147.0
     751.0      451.0
     213.0      670.0
     413.0      324.0
     251.0      291.0
     203.0      459.0
     624.0      442.0
     626.0       57.0
     785.0       87.0
     107.0      323.0
     803.0      177.0
     848.0      232.0
     830.0       52.0
     835.0      358.0
     592.0      577.0
     832.0      168.0
     803.0      113.0
     852.0      477.0
     692.0      552.0
     678.0       51.0
     506.0      553.0
     164.0       96.0
     593.0      155.0
     842.0      431.0
     845.0      265.0
     137.0      478.0
     822.0      428.0
     568.0      588.0
     268.0      445.0
     823.0       53.0
     839.0      408.0
     785.0      523.0
     833.0      265.0
     697.0       48.0
     189.0      200.0
     821.0      105.0
     853.0      403.0
     597.0      220.0
     585.0      581.0
     176.0      102.0
     332.0      522.0
     839.0      490.0
     601.0      392.0
     347.0      180.0
     838.0      141.0
     543.0      158.0
     849.0      100.0
     265.0      106.0
     222.0      670.0
     427.0      625.0
     826.0      412.0
      86.0      133.0
     241.0      670.0
     650.0      493.0
     837.0      222.0
     454.0      591.0
     388.0      460.0
     819.0       67.0
     345.0      405.0
     840.0      301.0
     246.0      671.0
     832.0      260.0
     436.0      213.0
     712.0       83.0
     258.0       90.0
     165.0      509.0
     507.0       56.0
     841.0      145.0
     308.0      411.0
     344.0      179.0
     596.0      209.0
     429.0       65.0
     820.0       99.0
     844.0      325.0
     823.0      421.0
     719.0       63.0
     612.0      162.0
     845.0      431.0
     741.0      537.0
     626.0      572.0
     853.0      343.0
     855.0      113.0
     832.0      354.0
     834.0      192.0
     845.0      345.0
     802.0       82.0
     529.0      448.0
     845.0      397.0
     848.0       69.0
     153.0      691.0
     141.0      514.0
     436.0      318.0
     827.0      341.0
     839.0      397.0
     645.0       59.0
     841.0       95.0
     816.0       12.0
     840.0      398.0
     855.0      288.0
     607.0      433.0
     203.0      673.0
     129.0      330.0
     823.0      203.0
     849.0      506.0
     840.0      442.0
     848.0      437.0
     839.0      443.0
     786.0       17.0
     827.0       42.0
     841.0      310.0
     359.0      179.0
     699.0      427.0
     115.0      355.0
     573.0      587.0
     623.0      573.0
     118.0      109.0
     826.0      353.0
     846.0      361.0
     436.0      253.0
     598.0      281.0
     817.0        7.0
     139.0      481.0
     550.0      363.0
     822.0      384.0
     825.0      322.0
     402.0      632.0
     644.0      148.0
     852.0      479.0
     500.0      438.0
     634.0      428.0
     839.0      479.0
     842.0      284.0
     839.0        9.0
     701.0      120.0
     445.0      460.0
     698.0      435.0
     262.0      664.0
     839.0      264.0
     827.0       68.0
     690.0       32.0
     545.0      240.0
     405.0      613.0
     209.0      546.0
     213.0      616.0
     652.0      516.0
     817.0      373.0
     763.0      534.0
     542.0      594.0
     123.0      449.0
     126.0      284.0
     814.0      308.0
     728.0       23.0
     816.0      396.0
     591.0      580.0
     501.0      466.0
      97.0      232.0
     523.0      379.0
     849.0      194.0
     822.0       10.0
     827.0      492.0
     759.0       14.0
     806.0       51.0
     373.0      326.0
     589.0      437.0
     137.0      596.0
     491.0      454.0
     703.0      551.0
     829.0      249.0
     838.0       32.0
     821.0       70.0
     545.0      240.0
     828.0      120.0
     730.0       36.0
     327.0      390.0
     122.0      465.0
     355.0      644.0
     481.0      608.0
     699.0       57.0
     179.0      585.0
     513.0      603.0
     828.0      400.0
     844.0      122.0
     846.0      336.0
     385.0      390.0
     681.0       25.0
     610.0      575.0
     148.0      105.0
     824.0      173.0
     406.0       63.0
     231.0       87.0
     594.0      575.0
     844.0      197.0
     824.0      388.0
     837.0      279.0
     830.0      112.0
      98.0      145.0
     817.0      426.0
     676.0       26.0
     420.0      248.0
     732.0       60.0
     153.0       99.0
     754.0       22.0
     649.0      431.0
     817.0      521.0
     687.0      551.0
     688.0      548.0
     441.0      604.0
     841.0      335.0
     345.0      178.0
     212.0      604.0
     841.0      392.0
     204.0      473.0
     602.0      472.0
     851.0      482.0
     843.0      294.0
     619.0       47.0
     276.0      605.0
     825.0      398.0
     760.0      532.0
     837.0      469.0
     697.0      525.0
     838.0      299.0
     852.0       40.0
     844.0      431.0
     825.0      211.0
     856.0      445.0
     551.0      427.0
     815.0      318.0
     825.0      380.0
     818.0       23.0
     533.0       50.0
     831.0      484.0
     806.0       82.0
     826.0      172.0
     549.0      358.0
     838.0      277.0
     503.0      602.0
     117.0      105.0
     497.0      374.0
     431.0      101.0
     619.0       43.0
     840.0       58.0
     598.0      246.0
     849.0      121.0
     797.0       73.0
     840.0      329.0
     839.0       94.0
     514.0      589.0
     827.0      457.0
     817.0      375.0
     585.0      503.0
     699.0      445.0
     832.0      435.0
     834.0      366.0
     715.0       62.0
     828.0      415.0
     552.0      305.0
     847.0      326.0
     839.0      510.0
     551.0      429.0
     554.0      234.0
     700.0       33.0
     819.0      467.0
