<?xml version="1.0"?>
<opencv_storage>
<coins type_id="opencv-matrix">
 <rows>500</rows>
 <cols>1</cols>
 <dt>"2f"</dt>
 <data>
     844.0      279.0
     889.0      408.0
     726.0      346.0
     912.0      615.0
    1008.0      668.0
     520.0      401.0
     455.0      829.0
     805.0      843.0
     896.0      539.0
     991.0      751.0
     467.0      740.0
    1131.0      439.0
     629.0      254.0
     911.0      780.0
     943.0      605.0
     716.0      639.0
    1098.0      719.0
     890.0      608.0
     470.0      885.0
     687.0      528.0
     801.0      383.0
     992.0      476.0
    1123.0      613.0
    1032.0      662.0
     760.0      699.0
     402.0      586.0
     853.0      492.0
     913.0      471.0
     548.0      542.0
     897.0      504.0
     956.0      462.0
     875.0      745.0
     553.0      857.0
     510.0      827.0
     906.0      824.0
     706.0      864.0
     421.0      536.0
     742.0      261.0
     619.0      413.0
     709.0      440.0
     856.0      327.0
     832.0      774.0
     801.0      485.0
    1092.0      265.0
     509.0      663.0
     764.0      322.0
     641.0      271.0
     890.0      753.0
     400.0      393.0
     949.0      621.0
     814.0      501.0
    1036.0      609.0
    1102.0      686.0
    1038.0      364.0
    1076.0      588.0
     758.0      561.0
     438.0      818.0
     868.0      802.0
     945.0      248.0
    1027.0      419.0
     506.0      511.0
     885.0      801.0
     964.0      785.0
    1062.0      458.0
     671.0      274.0
    1073.0      562.0
     998.0      570.0
    1097.0      349.0
     484.0      260.0
     610.0      322.0
     926.0      303.0
     776.0      265.0
     656.0      424.0
    1065.0      671.0
     927.0      460.0
     578.0      554.0
     596.0      341.0
     903.0      740.0
     925.0      633.0
     819.0      668.0
    1026.0      455.0
     855.0      658.0
     499.0      338.0
     784.0      743.0
    1105.0      412.0
     621.0      556.0
     605.0      855.0
     848.0      433.0
     640.0      237.0
     882.0      715.0
     364.0      282.0
    1084.0      379.0
     725.0      580.0
     537.0      697.0
     660.0      712.0
     804.0      288.0
     403.0      256.0
    1057.0      547.0
     904.0      227.0
     449.0      667.0
     884.0      682.0
     706.0      350.0
     987.0      805.0
    1072.0      657.0
     921.0      818.0
     612.0      428.0
     424.0      466.0
     405.0      535.0
    1159.0      736.0
     832.0      814.0
     391.0      271.0
    1038.0      468.0
     453.0      639.0
    1136.0      627.0
    1063.0      381.0
     452.0      480.0
    1097.0      393.0
     667.0      677.0
     614.0      267.0
     773.0      464.0
     948.0      540.0
     959.0      300.0
     493.0      885.0
     568.0      629.0
     874.0      294.0
     684.0      676.0
     431.0      335.0
     857.0      636.0
    1057.0      764.0
     998.0      218.0
     894.0      717.0
    1098.0      231.0
     973.0      558.0
     695.0      840.0
    1083.0      616.0
     893.0      284.0
    1010.0      316.0
     500.0      638.0
     658.0      357.0
     712.0      490.0
     529.0      454.0
    1062.0      494.0
     425.0      258.0
     468.0      860.0
     654.0      875.0
    1011.0      286.0
     885.0      825.0
     994.0      662.0
    1024.0      559.0
    1127.0      414.0
     947.0      644.0
     436.0      288.0
     783.0      714.0
     758.0      623.0
     574.0      518.0
     927.0      763.0
    1076.0      299.0
    1122.0      196.0
     939.0      274.0
     674.0      749.0
     674.0      417.0
     766.0      352.0
     431.0      483.0
    1082.0      351.0
    1060.0      727.0
     914.0      341.0
     958.0      555.0
     983.0      457.0
     875.0      598.0
     789.0      382.0
     682.0      439.0
     675.0      353.0
     432.0      840.0
     482.0      458.0
    1042.0      718.0
    1052.0      349.0
     830.0      525.0
     806.0      518.0
     442.0      707.0
    1058.0      790.0
     632.0      396.0
     898.0      246.0
    1146.0      676.0
     665.0      566.0
    1123.0      458.0
     721.0      239.0
     714.0      396.0
     975.0      398.0
    1150.0      701.0
    1093.0      753.0
     441.0      412.0
     416.0      444.0
     549.0      305.0
     920.0      502.0
     646.0      851.0
     752.0      656.0
     706.0      756.0
     481.0      566.0
     688.0      254.0
     508.0      735.0
    1143.0      500.0
    1047.0      234.0
     820.0      394.0
     380.0      360.0
     726.0      494.0
    1118.0      722.0
     614.0      504.0
     786.0      455.0
     839.0      257.0
     912.0      304.0
     577.0      466.0
     893.0      307.0
     542.0      620.0
     627.0      685.0
     694.0      290.0
    1110.0      321.0
     989.0      695.0
     471.0      332.0
     576.0      409.0
    1095.0      369.0
     858.0      275.0
     446.0      616.0
     617.0      468.0
     503.0      460.0
     537.0      377.0
     402.0      460.0
     880.0      545.0
     506.0      246.0
     736.0      690.0
     763.0      233.0
    1077.0      730.0
     826.0      243.0
     764.0      654.0
     530.0      876.0
     778.0      403.0
    1088.0      330.0
     632.0      878.0
     836.0      837.0
    1092.0      512.0
     897.0      574.0
    1108.0      471.0
     690.0      618.0
     822.0      543.0
     478.0      297.0
    1015.0      621.0
     463.0      268.0
    1007.0      549.0
     978.0      348.0
     693.0      501.0
     982.0      762.0
    1133.0      367.0
    1031.0      242.0
     596.0      659.0
     590.0      788.0
    1081.0      681.0
    1016.0      484.0
     575.0      776.0
    1090.0      785.0
    1128.0      483.0
     400.0      422.0
    1139.0      533.0
     463.0      557.0
     525.0      604.0
     508.0      393.0
    1087.0      542.0
     640.0      325.0
     969.0      468.0
     417.0      611.0
    1160.0      755.0
     503.0      294.0
     906.0      444.0
     558.0      402.0
     879.0      322.0
     379.0      402.0
     754.0      483.0
     835.0      339.0
     925.0      722.0
     967.0      697.0
     527.0      512.0
     744.0      457.0
     975.0      725.0
     736.0      633.0
     893.0      377.0
     931.0      741.0
     766.0      286.0
     610.0      882.0
     808.0      399.0
     729.0      783.0
     949.0      688.0
     879.0      216.0
     870.0      471.0
     361.0      438.0
     344.0      334.0
     979.0      636.0
     373.0      320.0
     688.0      388.0
    1050.0      418.0
     969.0      509.0
    1111.0      554.0
     415.0      569.0
    1141.0      458.0
    1065.0      224.0
     874.0      382.0
    1081.0      407.0
     567.0      890.0
    1000.0      718.0
     549.0      657.0
     956.0      812.0
    1114.0      583.0
     619.0      786.0
     697.0      368.0
     769.0      574.0
     859.0      692.0
     785.0      622.0
    1120.0      742.0
     658.0      388.0
     920.0      747.0
     542.0      345.0
     723.0      699.0
    1138.0      721.0
     881.0      503.0
     907.0      720.0
     781.0      848.0
     567.0      284.0
     464.0      714.0
    1057.0      745.0
     493.0      703.0
     681.0      598.0
     630.0      492.0
    1011.0      396.0
     877.0      248.0
    1043.0      258.0
     822.0      480.0
     992.0      233.0
     429.0      650.0
     503.0      581.0
     733.0      540.0
     609.0      697.0
    1151.0      775.0
     704.0      417.0
     870.0      437.0
    1089.0      466.0
     724.0      556.0
     603.0      365.0
     565.0      655.0
     930.0      610.0
     409.0      507.0
    1062.0      310.0
    1023.0      330.0
     412.0      736.0
     492.0      364.0
    1006.0      503.0
    1129.0      772.0
     987.0      502.0
    1031.0      509.0
     335.0      265.0
     760.0      590.0
