<?xml version="1.0"?>
<opencv_storage>
<coins type_id="opencv-matrix">
 <rows>500</rows>
 <cols>1</cols>
 <dt>"2f"</dt>
 <data>
     535.0      801.0
     673.0      275.0
     415.0      397.0
     860.0      780.0
     610.0      323.0
     427.0      644.0
     528.0      820.0
    1000.0      527.0
    1098.0      231.0
     558.0      403.0
    1010.0      611.0
    1105.0      412.0
    1009.0      368.0
     854.0      620.0
    1143.0      561.0
     897.0      371.0
     623.0      378.0
     440.0      457.0
     716.0      396.0
     757.0      623.0
     587.0      709.0
     542.0      619.0
     364.0      283.0
    1084.0      379.0
     745.0      457.0
     958.0      653.0
    1123.0      458.0
    1097.0      349.0
     435.0      289.0
    1088.0      330.0
    1077.0      755.0
     992.0      551.0
    1098.0      623.0
     616.0      801.0
     693.0      291.0
     777.0      516.0
     517.0      571.0
    1058.0      330.0
    1140.0      458.0
     448.0      616.0
     492.0      402.0
     666.0      676.0
     906.0      442.0
     431.0      384.0
     633.0      439.0
     503.0      295.0
    1027.0      704.0
     468.0      677.0
     915.0      600.0
     825.0      793.0
     541.0      522.0
     847.0      532.0
     529.0      401.0
     878.0      322.0
     855.0      658.0
     894.0      284.0
     500.0      339.0
     648.0      728.0
    1026.0      581.0
     467.0      500.0
     564.0      701.0
     887.0      660.0
     575.0      683.0
     977.0      236.0
     385.0      478.0
     861.0      524.0
     927.0      246.0
     942.0      749.0
     860.0      753.0
     832.0      774.0
     765.0      791.0
     786.0      333.0
    1023.0      617.0
     380.0      402.0
     676.0      561.0
     717.0      638.0
    1145.0      636.0
     697.0      368.0
     945.0      248.0
     792.0      491.0
     592.0      484.0
    1037.0      762.0
     890.0      608.0
     525.0      634.0
     497.0      771.0
     694.0      670.0
     889.0      411.0
     595.0      862.0
     957.0      462.0
     506.0      419.0
     769.0      574.0
    1027.0      373.0
    1110.0      554.0
     417.0      612.0
     411.0      693.0
     506.0      245.0
     824.0      438.0
     726.0      347.0
     446.0      553.0
     437.0      767.0
     924.0      484.0
     826.0      376.0
     452.0      785.0
     482.0      459.0
     509.0      735.0
     999.0      582.0
     912.0      304.0
     660.0      711.0
     946.0      383.0
     426.0      259.0
     373.0      320.0
     574.0      518.0
     906.0      398.0
     480.0      524.0
    1007.0      551.0
     427.0      677.0
    1131.0      438.0
     481.0      567.0
     805.0      519.0
     687.0      528.0
     706.0      756.0
    1114.0      686.0
    1107.0      472.0
     431.0      840.0
     560.0      322.0
    1149.0      701.0
     504.0      873.0
     463.0      557.0
     801.0      690.0
     949.0      213.0
     550.0      798.0
     542.0      345.0
     935.0      696.0
     891.0      223.0
     723.0      700.0
     989.0      761.0
     662.0      482.0
    1063.0      381.0
     612.0      262.0
     686.0      317.0
     819.0      293.0
    1072.0      657.0
     403.0      255.0
     972.0      521.0
     624.0      354.0
    1023.0      734.0
     621.0      556.0
    1036.0      602.0
     736.0      689.0
     610.0      882.0
     697.0      477.0
     494.0      571.0
    1073.0      563.0
     787.0      301.0
     958.0      555.0
     468.0      815.0
     716.0      279.0
     430.0      335.0
     948.0      540.0
     506.0      488.0
    1129.0      774.0
     708.0      350.0
     442.0      701.0
     812.0      329.0
     624.0      822.0
     959.0      302.0
     652.0      586.0
     841.0      684.0
    1005.0      428.0
     514.0      382.0
     800.0      383.0
    1122.0      196.0
     470.0      744.0
     484.0      261.0
     874.0      381.0
     550.0      821.0
     804.0      289.0
     942.0      462.0
    1047.0      666.0
    1104.0      666.0
     974.0      726.0
    1058.0      789.0
    1114.0      756.0
     640.0      237.0
     580.0      864.0
     718.0      816.0
     927.0      460.0
     843.0      278.0
     999.0      322.0
    1042.0      259.0
     822.0      544.0
     855.0      326.0
     624.0      865.0
     989.0      694.0
     736.0      633.0
    1083.0      351.0
    1058.0      291.0
    1010.0      395.0
     553.0      857.0
     979.0      637.0
     844.0      795.0
     767.0      671.0
    1099.0      443.0
     588.0      456.0
     518.0      706.0
     538.0      697.0
    1118.0      722.0
    1099.0      536.0
     914.0      340.0
    1102.0      687.0
     977.0      612.0
    1142.0      586.0
    1012.0      286.0
     551.0      575.0
     411.0      319.0
     851.0      386.0
     419.0      488.0
     901.0      635.0
     911.0      468.0
     543.0      734.0
     688.0      635.0
     956.0      752.0
     929.0      512.0
    1068.0      428.0
     644.0      548.0
    1076.0      300.0
     655.0      636.0
    1013.0      572.0
     808.0      248.0
     743.0      262.0
     959.0      238.0
     712.0      490.0
    1107.0      382.0
     964.0      357.0
     882.0      716.0
    1030.0      218.0
     773.0      840.0
     960.0      400.0
     599.0      572.0
    1159.0      736.0
     725.0      581.0
     373.0      513.0
     680.0      422.0
    1041.0      389.0
     450.0      745.0
    1146.0      663.0
     895.0      758.0
     350.0      300.0
     521.0      782.0
     926.0      632.0
     567.0      628.0
     875.0      295.0
     450.0      724.0
     511.0      802.0
    1011.0      633.0
     568.0      841.0
    1064.0      770.0
    1046.0      234.0
    1127.0      482.0
    1122.0      358.0
     862.0      592.0
     586.0      509.0
     611.0      407.0
    1000.0      731.0
    1077.0      678.0
     421.0      574.0
     627.0      684.0
     925.0      657.0
     841.0      490.0
     763.0      816.0
     370.0      424.0
     744.0      357.0
     535.0      843.0
     831.0      833.0
    1052.0      539.0
     789.0      457.0
     729.0      459.0
     535.0      375.0
     490.0      815.0
    1143.0      500.0
     770.0      750.0
     897.0      573.0
     554.0      775.0
     704.0      418.0
     978.0      742.0
     740.0      601.0
     940.0      275.0
     729.0      783.0
     687.0      254.0
     702.0      837.0
     471.0      631.0
     492.0      592.0
     600.0      839.0
     683.0      599.0
     507.0      511.0
    1139.0      533.0
     456.0      901.0
    1082.0      244.0
     985.0      336.0
    1008.0      503.0
     577.0      553.0
     426.0      723.0
     960.0      612.0
    1081.0      407.0
     659.0      357.0
     740.0      309.0
     806.0      827.0
     334.0      263.0
    1090.0      785.0
     848.0      433.0
     601.0      284.0
     901.0      816.0
     656.0      854.0
     590.0      788.0
     793.0      249.0
    1017.0      486.0
     754.0      437.0
     680.0      777.0
    1025.0      545.0
     874.0      506.0
     802.0      763.0
     704.0      539.0
    1133.0      753.0
    1031.0      242.0
     812.0      705.0
     991.0      386.0
    1021.0      352.0
     830.0      525.0
    1160.0      753.0
     527.0      271.0
     450.0      526.0
     461.0      378.0
     796.0      534.0
    1056.0      745.0
     954.0      489.0
     803.0      312.0
     656.0      425.0
     465.0      296.0
     757.0      774.0
    1040.0      701.0
     893.0      308.0
     979.0      305.0
    1046.0      303.0
     898.0      551.0
     734.0      540.0
     649.0      495.0
     748.0      503.0
     588.0      808.0
     907.0      721.0
     469.0      599.0
     748.0      846.0
    1065.0      690.0
     882.0      804.0
    1067.0      621.0
     576.0      775.0
     911.0      257.0
    1031.0      315.0
