<?xml version="1.0"?>
<opencv_storage>
<coins type_id="opencv-matrix">
 <rows>500</rows>
 <cols>1</cols>
 <dt>"2f"</dt>
 <data>
     167.0      686.0
     917.0      654.0
     828.0      208.0
    1307.0      820.0
     754.0      225.0
     667.0       90.0
    1088.0      525.0
     299.0     1002.0
     434.0      730.0
     475.0      885.0
     498.0      437.0
    1233.0      727.0
     978.0      686.0
    1104.0      971.0
    1012.0      388.0
     840.0      459.0
    1015.0      983.0
     663.0      605.0
     607.0      417.0
     893.0      162.0
       0.0      693.0
    1253.0      996.0
    1227.0      915.0
     898.0      296.0
     985.0      867.0
     965.0      712.0
     618.0      513.0
    1118.0      436.0
    1024.0      282.0
     307.0       49.0
    1252.0      812.0
     534.0      508.0
    1060.0      552.0
    1104.0      312.0
    1188.0      860.0
     965.0      395.0
    1188.0     1023.0
     763.0      539.0
     570.0       92.0
    1049.0      223.0
     338.0      907.0
     111.0      593.0
     302.0      519.0
     947.0      769.0
     339.0      516.0
     766.0      299.0
     912.0      869.0
     822.0       80.0
     601.0      992.0
     764.0      155.0
     980.0       54.0
     303.0      342.0
     203.0      710.0
     366.0      431.0
     197.0      662.0
     821.0      531.0
    1091.0      345.0
    1104.0      576.0
    1210.0      635.0
     509.0      216.0
    1006.0      574.0
     529.0      823.0
     216.0      506.0
    1311.0     1004.0
     230.0      633.0
     852.0      922.0
     245.0     1002.0
     443.0      933.0
     824.0      834.0
     276.0      772.0
    1289.0      964.0
    1178.0      520.0
    1168.0      691.0
    1270.0      953.0
    1097.0      662.0
    1149.0      437.0
    1197.0      712.0
     348.0      179.0
     656.0      568.0
    1065.0      498.0
     945.0       83.0
     729.0      123.0
    1279.0      805.0
    1328.0      898.0
     908.0      373.0
     161.0      630.0
    1173.0     1000.0
     455.0      222.0
     831.0      235.0
     914.0      754.0
    1124.0      581.0
     973.0      423.0
     368.0      789.0
    1199.0      897.0
    1050.0      367.0
      32.0      492.0
     388.0      928.0
    1065.0      641.0
    1157.0      717.0
     772.0      355.0
     796.0      417.0
     431.0      125.0
    1147.0      638.0
     860.0      845.0
     312.0      840.0
     193.0      814.0
    1278.0      763.0
    1088.0      380.0
    1047.0      192.0
     633.0      129.0
    1281.0      929.0
     641.0      881.0
     654.0      325.0
    1168.0      489.0
     824.0     1023.0
     379.0      315.0
     911.0      596.0
     119.0      150.0
     105.0      521.0
    1027.0      946.0
    1082.0      224.0
     438.0      260.0
      46.0      283.0
     940.0      633.0
    1033.0      498.0
     503.0     1020.0
      56.0      113.0
     874.0      151.0
      12.0      554.0
    1017.0      538.0
     428.0      351.0
    1184.0      655.0
     695.0      302.0
     778.0      458.0
     979.0      644.0
     558.0      684.0
     575.0      223.0
    1087.0      849.0
     231.0      886.0
       0.0      828.0
     653.0      426.0
     981.0      529.0
    1234.0      965.0
    1071.0      402.0
     552.0      599.0
     700.0      147.0
    1106.0     1009.0
     846.0      414.0
     730.0      533.0
     250.0      936.0
     621.0      205.0
    1099.0      461.0
     397.0      129.0
     652.0      359.0
     610.0      448.0
     944.0      431.0
     708.0      816.0
    1083.0      562.0
     698.0      874.0
     696.0      240.0
     888.0      966.0
     341.0      805.0
      95.0      999.0
    1010.0      849.0
     483.0      838.0
     236.0      588.0
    1304.0      913.0
     600.0      127.0
    1080.0      779.0
      87.0      255.0
     442.0      298.0
     535.0      765.0
     996.0      721.0
    1349.0      972.0
     843.0      800.0
     532.0      453.0
     943.0      898.0
     177.0      488.0
     546.0      321.0
    1147.0      497.0
    1332.0      965.0
    1187.0      783.0
    1350.0      935.0
     667.0      180.0
    1010.0      230.0
    1126.0      411.0
    1171.0      619.0
      67.0      955.0
    1029.0     1023.0
    1230.0      845.0
     816.0      623.0
     932.0      269.0
     832.0      917.0
     970.0      837.0
    1092.0      266.0
     228.0      236.0
     980.0      110.0
    1151.0      889.0
    1197.0      594.0
     665.0      488.0
     370.0       60.0
     721.0      296.0
     345.0      631.0
     215.0      953.0
     768.0      678.0
    1000.0      946.0
    1196.0      945.0
    1095.0      624.0
     293.0      244.0
     931.0      117.0
     636.0      294.0
     995.0      513.0
     728.0      258.0
     231.0      764.0
     593.0      570.0
     910.0     1023.0
      98.0      849.0
    1018.0       88.0
     923.0      339.0
     617.0      817.0
     363.0      369.0
    1018.0      313.0
     667.0      907.0
     764.0      424.0
       1.0     1023.0
     172.0      959.0
    1119.0      835.0
     218.0       67.0
     432.0      824.0
     513.0      279.0
     762.0      846.0
     490.0      240.0
    1021.0      114.0
    1066.0      179.0
     716.0      446.0
    1103.0      930.0
     744.0      799.0
     564.0      391.0
     230.0      328.0
    1003.0      604.0
     315.0      582.0
     907.0      538.0
    1276.0      899.0
    1273.0     1011.0
     996.0      326.0
     874.0      584.0
     731.0      908.0
     623.0       39.0
     490.0      391.0
    1203.0      687.0
     820.0      498.0
     867.0      405.0
    1270.0      864.0
    1067.0      946.0
     799.0       55.0
     815.0      299.0
     829.0      176.0
     954.0      117.0
     577.0      180.0
     293.0      105.0
    1038.0      404.0
     119.0      709.0
     604.0      624.0
     297.0      386.0
     653.0      240.0
     941.0     1011.0
     918.0      297.0
     141.0      394.0
     800.0      900.0
     799.0      447.0
    1044.0      303.0
     995.0       98.0
     990.0      406.0
     934.0       51.0
     428.0      777.0
    1249.0      870.0
     405.0      743.0
    1119.0      673.0
     682.0      454.0
    1228.0      774.0
     856.0      344.0
     794.0      216.0
    1039.0      770.0
     190.0      393.0
     795.0      941.0
     564.0      916.0
      31.0      241.0
     118.0      205.0
     918.0      463.0
    1172.0      890.0
    1329.0      936.0
    1139.0      613.0
     520.0       58.0
     362.0       90.0
    1084.0      423.0
     947.0      364.0
     379.0      242.0
    1072.0      672.0
     865.0      662.0
     999.0      905.0
    1019.0      509.0
    1068.0      585.0
    1337.0      994.0
     470.0       65.0
     907.0      928.0
     785.0      336.0
       2.0      912.0
     733.0      654.0
    1101.0      694.0
     428.0       59.0
    1150.0      399.0
     749.0      945.0
    1078.0      981.0
    1295.0      783.0
    1137.0      850.0
     414.0      377.0
     368.0      874.0
     679.0      828.0
     718.0      694.0
    1312.0      942.0
     811.0      362.0
    1183.0      752.0
     839.0      997.0
     310.0      673.0
     830.0      698.0
     384.0      593.0
     722.0      205.0
    1191.0      623.0
    1018.0      350.0
     470.0      408.0
    1096.0      481.0
     589.0      671.0
     902.0      410.0
     161.0       95.0
    1033.0      701.0
    1154.0      943.0
    1174.0      595.0
    1105.0      735.0
     555.0      136.0
    1312.0      976.0
     584.0      819.0
     712.0      741.0
    1219.0     1022.0
     929.0      161.0
    1002.0      682.0
     638.0      435.0
     713.0      368.0
     479.0      937.0
    1074.0      324.0
     849.0      234.0
     783.0      104.0
     888.0      443.0
     731.0      601.0
     994.0      138.0
    1045.0      282.0
     886.0      847.0
     102.0      758.0
