<?xml version="1.0"?>
<opencv_storage>
<coins type_id="opencv-matrix">
 <rows>500</rows>
 <cols>1</cols>
 <dt>"2f"</dt>
 <data>
     972.0      436.0
     128.0      472.0
     961.0      261.0
     915.0       85.0
     317.0      603.0
     559.0      392.0
     291.0      374.0
     390.0       72.0
     811.0      438.0
     954.0      229.0
      76.0      450.0
     300.0      341.0
     426.0       93.0
     532.0      375.0
     153.0       19.0
     276.0      533.0
     330.0      603.0
     837.0      464.0
     974.0      196.0
     897.0      208.0
     366.0      126.0
     191.0      334.0
      66.0      492.0
     293.0      493.0
     275.0      160.0
     689.0      139.0
     553.0      254.0
     766.0      424.0
     243.0       96.0
     313.0      321.0
     969.0      549.0
     250.0      133.0
     945.0       89.0
     559.0      463.0
     592.0      167.0
     206.0      471.0
     243.0      567.0
     838.0      525.0
     975.0      493.0
     339.0      312.0
     261.0       30.0
      41.0      452.0
     226.0      353.0
     759.0      132.0
     676.0      595.0
     103.0      609.0
     131.0      482.0
      22.0      305.0
     219.0      549.0
     954.0      291.0
      94.0      404.0
     239.0      509.0
     132.0       19.0
     936.0      130.0
      66.0      335.0
     974.0      471.0
     628.0      374.0
     371.0       18.0
     620.0       48.0
     761.0      233.0
     984.0      575.0
     971.0      560.0
     980.0      513.0
     770.0      566.0
     560.0      480.0
     695.0      301.0
     559.0      404.0
     590.0      597.0
     384.0       43.0
     903.0      404.0
      42.0      392.0
     266.0      547.0
     181.0      445.0
     935.0      276.0
     870.0      585.0
     629.0      491.0
     550.0      598.0
     720.0       80.0
     758.0      145.0
     622.0      278.0
     788.0      438.0
     895.0      436.0
     775.0      301.0
     124.0        9.0
     718.0      372.0
     245.0      481.0
     907.0      246.0
     970.0      274.0
     409.0       87.0
     923.0       89.0
      93.0      284.0
     899.0      115.0
     612.0      444.0
     895.0      133.0
     205.0      101.0
     846.0      505.0
     786.0      588.0
       7.0      577.0
     218.0      539.0
     772.0      124.0
      26.0      463.0
     219.0      476.0
     678.0      104.0
     672.0       76.0
     621.0      200.0
     694.0      272.0
     557.0       68.0
     960.0      432.0
     750.0       93.0
     834.0      367.0
     590.0      511.0
      38.0      300.0
     100.0      235.0
     623.0      151.0
     123.0      590.0
     202.0      227.0
     831.0      506.0
     353.0      426.0
     725.0      302.0
     875.0      228.0
     654.0      593.0
     961.0      234.0
     592.0      226.0
      20.0      128.0
     417.0      395.0
     232.0       21.0
     962.0      276.0
      89.0      200.0
     623.0      302.0
     868.0      506.0
     716.0       55.0
     825.0      230.0
     150.0      120.0
     650.0       72.0
     913.0      118.0
     472.0       80.0
     697.0      457.0
     942.0      584.0
     568.0      305.0
     515.0       68.0
      74.0      582.0
     626.0      358.0
     367.0      522.0
     772.0      588.0
     105.0      387.0
     717.0      165.0
     988.0      549.0
     967.0      371.0
     123.0      546.0
     981.0      530.0
     955.0      571.0
     921.0      140.0
     210.0      510.0
     489.0      423.0
     973.0      328.0
     947.0      504.0
     906.0      137.0
     351.0      472.0
     610.0      375.0
     592.0      583.0
     965.0      377.0
     489.0      117.0
     901.0      330.0
     545.0       58.0
     972.0      504.0
     939.0      285.0
     670.0      371.0
     234.0      296.0
     990.0      519.0
     947.0      425.0
     145.0      371.0
     902.0      313.0
     239.0      535.0
     416.0      295.0
     806.0      590.0
     257.0       18.0
     955.0      427.0
     221.0      530.0
     959.0      553.0
     990.0      497.0
      60.0      177.0
     935.0      366.0
     960.0      151.0
     826.0      103.0
     409.0       59.0
     506.0      305.0
     447.0      378.0
     493.0      556.0
     122.0      314.0
     732.0      508.0
     407.0       41.0
     872.0      165.0
     198.0      291.0
     350.0      380.0
     762.0      287.0
     491.0      599.0
     177.0      232.0
     511.0       85.0
     692.0      247.0
     750.0      301.0
     569.0      512.0
     490.0      464.0
     424.0       37.0
      51.0      364.0
     839.0      586.0
     345.0       48.0
     271.0      453.0
     356.0      395.0
     444.0      362.0
     734.0      577.0
     774.0      233.0
     944.0      143.0
     969.0      539.0
     257.0      149.0
     965.0      405.0
     530.0      167.0
     876.0      298.0
     209.0      389.0
     697.0      444.0
     958.0      502.0
     338.0      449.0
     334.0      519.0
     228.0      451.0
     548.0      445.0
     766.0      404.0
     972.0      578.0
     990.0      488.0
     330.0       86.0
     267.0      349.0
     559.0      430.0
      92.0      534.0
     152.0      470.0
     182.0      602.0
     834.0      410.0
     834.0      441.0
     350.0      296.0
     915.0      101.0
     245.0      551.0
     557.0      305.0
     538.0       43.0
     229.0      483.0
     921.0      159.0
     851.0      573.0
     970.0      312.0
     110.0       42.0
     983.0      332.0
      25.0      605.0
     627.0      592.0
     905.0      475.0
     243.0      599.0
     615.0      595.0
     906.0      556.0
     145.0      331.0
     930.0      146.0
     896.0       97.0
     736.0       62.0
     766.0      459.0
     898.0      270.0
     886.0      367.0
     978.0      520.0
      79.0       80.0
     769.0      575.0
     971.0      334.0
     955.0      111.0
     110.0      559.0
     828.0      208.0
     901.0      391.0
     899.0      151.0
     646.0       46.0
     691.0      233.0
     634.0      443.0
     101.0      522.0
     273.0      520.0
     833.0      388.0
     480.0       35.0
     236.0      525.0
     149.0      599.0
     241.0      272.0
     129.0      132.0
     951.0      414.0
     584.0      583.0
     979.0      239.0
     563.0      559.0
     110.0      357.0
     578.0       35.0
     829.0      257.0
     901.0      381.0
       6.0      595.0
     223.0       75.0
     933.0      155.0
     834.0      420.0
     102.0      502.0
     937.0      433.0
      30.0       30.0
     417.0      601.0
     876.0      313.0
      12.0       14.0
     988.0      447.0
     353.0      500.0
     666.0      512.0
     363.0       34.0
     318.0       94.0
     393.0      434.0
      68.0      610.0
     420.0      177.0
      31.0      441.0
     765.0      353.0
     966.0      385.0
     978.0      465.0
     631.0       56.0
     695.0       57.0
     697.0      477.0
      95.0      371.0
     251.0      366.0
     921.0      231.0
     808.0      160.0
     160.0      572.0
     950.0      366.0
     226.0      365.0
     722.0      588.0
     967.0      144.0
     930.0      385.0
     692.0      180.0
     432.0      589.0
     968.0      416.0
     885.0      507.0
      41.0      576.0
     351.0       67.0
      30.0       13.0
     470.0      307.0
     956.0      397.0
     807.0      231.0
     554.0      223.0
      82.0      317.0
     629.0      514.0
     631.0      564.0
     163.0      359.0
      98.0       96.0
     918.0      436.0
     559.0      595.0
     610.0      304.0
     246.0      226.0
       5.0      521.0
     832.0       68.0
     625.0      260.0
     546.0      513.0
     225.0      332.0
     930.0      371.0
     696.0      436.0
      29.0      378.0
     317.0      519.0
      87.0      482.0
     257.0      597.0
     487.0      283.0
     385.0       13.0
     561.0      517.0
     951.0      269.0
