<?xml version="1.0"?>
<opencv_storage>
<coins type_id="opencv-matrix">
 <rows>500</rows>
 <cols>1</cols>
 <dt>"2f"</dt>
 <data>
    1090.0      188.0
    1022.0      208.0
     717.0      420.0
    1047.0      667.0
     973.0      420.0
     270.0      742.0
    1001.0      637.0
     276.0      130.0
     975.0      711.0
     368.0      262.0
     918.0      744.0
    1124.0      474.0
     696.0      383.0
     222.0      505.0
     724.0      174.0
     236.0      609.0
     481.0      271.0
     483.0      587.0
     547.0      686.0
     719.0      258.0
     207.0      294.0
     217.0      421.0
     452.0      112.0
     571.0       60.0
     234.0      349.0
     737.0      313.0
    1063.0      289.0
     286.0      580.0
     452.0      693.0
     332.0      249.0
     827.0      128.0
     505.0      372.0
     443.0      435.0
     552.0      248.0
     434.0      529.0
     977.0      136.0
     573.0      395.0
     829.0      216.0
     410.0      443.0
     358.0      711.0
     279.0      420.0
     377.0      429.0
     212.0      209.0
     538.0      657.0
     499.0       75.0
     477.0      157.0
    1022.0      739.0
    1082.0      605.0
    1019.0      474.0
     255.0      289.0
    1149.0      323.0
     651.0      187.0
     487.0      567.0
     720.0      589.0
     399.0      758.0
     765.0      523.0
     864.0      689.0
     806.0      219.0
     479.0      438.0
     865.0      515.0
     890.0      310.0
     612.0      674.0
     319.0      734.0
     513.0      615.0
     369.0      380.0
     960.0      694.0
     989.0      173.0
    1079.0      632.0
    1096.0      352.0
     463.0      400.0
     415.0      749.0
     385.0      112.0
     510.0      413.0
     207.0      100.0
     905.0      389.0
     318.0      133.0
     603.0      185.0
     217.0      340.0
     553.0      602.0
     431.0      693.0
     365.0      238.0
     214.0      540.0
     379.0      358.0
    1045.0      446.0
     304.0      619.0
    1133.0      648.0
     256.0      448.0
     464.0      420.0
     668.0      405.0
     703.0      199.0
     317.0      218.0
     730.0      449.0
     857.0      207.0
     238.0      113.0
     985.0       73.0
     810.0      315.0
     280.0       78.0
     495.0      499.0
    1072.0      105.0
    1045.0      484.0
     741.0       66.0
     324.0      107.0
     600.0      746.0
     437.0      754.0
     686.0      635.0
     327.0      708.0
     525.0      346.0
    1011.0      320.0
     690.0      570.0
     364.0       70.0
     923.0      711.0
    1128.0      562.0
    1072.0      502.0
     307.0      164.0
     443.0      509.0
     916.0      596.0
     609.0      221.0
     581.0      760.0
     849.0      448.0
     323.0      559.0
     808.0      284.0
     992.0      307.0
     342.0      272.0
     297.0      112.0
    1054.0      629.0
     540.0      555.0
    1082.0      674.0
     761.0       63.0
     563.0      714.0
     456.0      530.0
     343.0       93.0
    1095.0      143.0
     491.0      405.0
     841.0      553.0
     638.0      170.0
     581.0      331.0
     404.0      247.0
     376.0      576.0
     885.0      416.0
     383.0      621.0
     594.0      141.0
     784.0      515.0
     640.0      622.0
     493.0      605.0
     896.0      675.0
    1030.0      235.0
     309.0      272.0
     651.0      296.0
     423.0      669.0
     816.0      518.0
     720.0      642.0
     743.0      665.0
     970.0      551.0
     448.0      173.0
     324.0      288.0
     274.0      702.0
    1115.0      146.0
     740.0      196.0
     982.0      733.0
     677.0      169.0
     684.0      271.0
    1130.0      406.0
     798.0      500.0
     278.0      440.0
     644.0      697.0
     909.0      614.0
     536.0      110.0
     714.0      563.0
     718.0      358.0
     602.0      500.0
    1109.0      583.0
     401.0      567.0
    1000.0      227.0
     817.0      606.0
     696.0      550.0
     722.0      621.0
     475.0      293.0
     495.0      741.0
     790.0      244.0
     771.0      424.0
     667.0      609.0
     294.0      736.0
     441.0      249.0
     787.0      279.0
    1056.0      467.0
     562.0       93.0
     259.0      498.0
     468.0      704.0
     856.0      274.0
    1116.0      315.0
     294.0      540.0
     481.0       68.0
     629.0      732.0
     407.0      400.0
    1091.0      726.0
     280.0      475.0
     247.0      468.0
     997.0      543.0
     215.0      396.0
     391.0       64.0
     530.0      475.0
    1098.0      447.0
     678.0      461.0
     786.0      399.0
     794.0      193.0
     254.0      312.0
    1024.0      667.0
     700.0      755.0
     547.0      459.0
    1068.0      696.0
     207.0      752.0
     871.0      574.0
    1021.0      631.0
     755.0      551.0
     387.0      218.0
     400.0      367.0
     203.0      189.0
     892.0      519.0
     269.0      631.0
     245.0      206.0
    1046.0      169.0
     461.0      380.0
     227.0      413.0
    1009.0      616.0
     245.0      152.0
     852.0      338.0
     226.0      589.0
     413.0      713.0
     762.0      138.0
    1095.0      484.0
     664.0      678.0
     653.0      562.0
     875.0      602.0
     339.0      675.0
     595.0      404.0
    1100.0      167.0
     844.0      610.0
    1096.0       41.0
     992.0      521.0
     377.0      300.0
    1115.0      361.0
     929.0      544.0
     985.0      587.0
    1040.0       73.0
     428.0      364.0
    1120.0      278.0
     261.0       77.0
     819.0      633.0
     945.0      429.0
     762.0      732.0
    1014.0      298.0
     626.0      659.0
     860.0      648.0
     275.0      176.0
     984.0      627.0
     409.0      210.0
     258.0      760.0
     339.0      304.0
     634.0      483.0
    1113.0      691.0
    1023.0      376.0
    1029.0      537.0
     705.0      153.0
     925.0      443.0
     272.0      270.0
     397.0      141.0
     492.0      311.0
     772.0      308.0
     518.0      670.0
     437.0      566.0
    1005.0      489.0
     391.0      450.0
     301.0      483.0
    1163.0      362.0
     535.0      757.0
     316.0      591.0
     325.0      331.0
     562.0      339.0
     346.0      499.0
     663.0      264.0
     807.0      658.0
     828.0      153.0
     623.0      237.0
     419.0      177.0
     706.0      226.0
     666.0      627.0
     920.0      503.0
     221.0      164.0
     440.0      401.0
    1049.0      514.0
     516.0      694.0
     964.0      726.0
     325.0      522.0
     431.0      140.0
     894.0      742.0
    1092.0      246.0
     217.0       82.0
    1054.0       87.0
     964.0      582.0
     655.0      460.0
     334.0      755.0
     606.0      454.0
     591.0      598.0
    1133.0      247.0
     578.0      727.0
     347.0      726.0
     939.0      698.0
     340.0      639.0
     790.0      367.0
     308.0      503.0
     350.0      135.0
    1002.0      587.0
     449.0      418.0
    1028.0       34.0
     608.0      622.0
     855.0      297.0
     225.0      615.0
     245.0      731.0
     449.0      335.0
    1001.0      711.0
     420.0      484.0
    1015.0      510.0
     950.0      515.0
     723.0      691.0
     801.0      171.0
     744.0      332.0
     343.0      436.0
     258.0      386.0
    1076.0      746.0
     577.0      578.0
     410.0      268.0
     737.0      131.0
     604.0      551.0
     788.0      447.0
     530.0      578.0
     591.0      527.0
     213.0      465.0
     535.0      199.0
     212.0      266.0
     968.0      672.0
     718.0      280.0
     894.0      255.0
     401.0      311.0
     436.0      319.0
     294.0      391.0
     740.0      517.0
     910.0      653.0
    1033.0      322.0
     429.0      609.0
     340.0      343.0
     370.0      685.0
    1131.0      216.0
     458.0      551.0
     861.0      402.0
     539.0      263.0
     549.0      416.0
     543.0      227.0
