<?xml version="1.0"?>
<opencv_storage>
<coins type_id="opencv-matrix">
 <rows>500</rows>
 <cols>1</cols>
 <dt>"2f"</dt>
 <data>
     662.0      611.0
     567.0      187.0
     821.0       61.0
     209.0      356.0
     731.0      697.0
     197.0      758.0
    1093.0      103.0
     967.0      529.0
     977.0      746.0
     696.0      705.0
    1026.0      112.0
    1035.0      139.0
     582.0      424.0
     222.0      342.0
     337.0      232.0
     779.0      482.0
     662.0      236.0
     901.0      736.0
    1084.0      703.0
     770.0      516.0
     441.0      484.0
     750.0       77.0
    1125.0      367.0
     643.0      524.0
     269.0      655.0
     886.0      349.0
     602.0      454.0
     411.0      581.0
     748.0      234.0
     687.0      271.0
     384.0      402.0
     642.0      485.0
     792.0      366.0
     417.0      207.0
    1073.0      399.0
     244.0      154.0
     619.0      344.0
     951.0      420.0
     797.0      526.0
     888.0      675.0
     704.0      547.0
     288.0      376.0
     852.0      254.0
     239.0      461.0
     743.0      489.0
     381.0       93.0
     786.0      315.0
     481.0      475.0
    1021.0      314.0
     341.0      537.0
     630.0      375.0
     553.0      592.0
     358.0      753.0
    1017.0      699.0
     249.0      101.0
     345.0      384.0
     554.0       86.0
     562.0      661.0
     310.0      392.0
    1015.0      723.0
     513.0      215.0
     382.0       63.0
     869.0      216.0
    1114.0      120.0
     525.0      354.0
     761.0      686.0
     258.0      764.0
     374.0      701.0
     476.0      170.0
     826.0      648.0
     211.0      476.0
    1122.0      158.0
    1050.0      339.0
     224.0      113.0
     594.0      198.0
     420.0      179.0
     747.0      640.0
    1060.0      369.0
     754.0      544.0
    1009.0      629.0
     266.0      466.0
    1040.0      363.0
     739.0      146.0
     799.0      628.0
     835.0      729.0
     900.0      581.0
     215.0      396.0
     814.0      357.0
     561.0      759.0
     810.0      207.0
     462.0      756.0
     877.0      578.0
     798.0      285.0
     729.0      265.0
    1071.0      183.0
     214.0      708.0
     778.0      611.0
     451.0      711.0
     407.0      160.0
     359.0      261.0
     791.0      402.0
     672.0      379.0
     231.0      509.0
     312.0      195.0
     269.0      435.0
     977.0      601.0
     202.0       81.0
     489.0      371.0
     248.0      613.0
     316.0      372.0
     471.0      628.0
     806.0      185.0
     200.0      117.0
     304.0      424.0
     511.0      419.0
     998.0      685.0
     796.0      593.0
     400.0      251.0
     989.0      199.0
     421.0      351.0
    1117.0      312.0
     733.0      208.0
     678.0      497.0
     399.0      224.0
     674.0      211.0
     222.0      313.0
     273.0      586.0
     640.0      654.0
     236.0      252.0
     825.0      522.0
    1110.0      344.0
    1078.0      128.0
     749.0      193.0
     993.0      323.0
     734.0       67.0
     696.0      205.0
     331.0      672.0
     924.0      425.0
     480.0      655.0
     590.0      343.0
     864.0      280.0
     678.0      301.0
    1054.0      431.0
    1026.0      199.0
     280.0      679.0
     757.0      129.0
     697.0      478.0
     262.0      300.0
     930.0      536.0
     481.0      405.0
     466.0      131.0
     275.0      151.0
     252.0      550.0
     605.0      574.0
     399.0      414.0
     671.0      525.0
     575.0      389.0
    1098.0      661.0
     817.0      244.0
    1052.0      242.0
     496.0      721.0
     575.0      238.0
     545.0       68.0
    1115.0       99.0
     698.0      759.0
     781.0      230.0
    1115.0      693.0
     623.0      133.0
     895.0      452.0
     649.0      728.0
     293.0      643.0
     871.0      496.0
     980.0      235.0
     454.0      202.0
     951.0      723.0
    1110.0      185.0
    1003.0      275.0
     604.0      693.0
     617.0      169.0
     410.0      672.0
     239.0      581.0
     261.0      186.0
     338.0      331.0
     550.0      420.0
    1020.0      666.0
     390.0      685.0
     253.0      255.0
     434.0      280.0
    1011.0      370.0
     608.0      485.0
     760.0      573.0
     380.0      346.0
    1014.0      583.0
     532.0      468.0
    1110.0       35.0
    1109.0      274.0
     651.0       96.0
     693.0      613.0
     314.0      110.0
     862.0      384.0
     416.0      760.0
    1118.0      466.0
     643.0      748.0
     388.0      760.0
     537.0      251.0
     967.0      183.0
     372.0      380.0
     497.0      273.0
     248.0      490.0
    1090.0      266.0
     309.0      486.0
     883.0      305.0
     783.0      173.0
     557.0      464.0
     857.0      663.0
     951.0      574.0
     499.0      491.0
    1067.0      659.0
     500.0      597.0
     972.0      720.0
     331.0      586.0
     650.0      253.0
    1035.0      601.0
     993.0      575.0
     577.0      708.0
    1080.0      500.0
     359.0      360.0
     701.0      314.0
    1077.0      453.0
     701.0      419.0
     887.0      514.0
     929.0      562.0
     488.0      513.0
     248.0      667.0
     352.0      654.0
     882.0      471.0
    1107.0      393.0
     968.0      621.0
    1081.0      242.0
     538.0      656.0
     541.0      208.0
     271.0      563.0
    1002.0      106.0
     389.0      186.0
    1124.0      665.0
     240.0      713.0
     734.0      587.0
     712.0      631.0
     400.0      367.0
     331.0      423.0
     596.0       56.0
    1028.0      341.0
     713.0      724.0
     432.0      667.0
     942.0       49.0
     411.0      505.0
     884.0      265.0
     485.0      124.0
     508.0      658.0
     257.0      594.0
     555.0      536.0
     682.0      653.0
    1041.0      396.0
     580.0      575.0
     602.0      599.0
     609.0      232.0
     728.0      555.0
     420.0      457.0
     373.0      645.0
     587.0      523.0
     510.0      368.0
     753.0      269.0
     476.0      102.0
     246.0      340.0
     479.0      302.0
     421.0      137.0
     383.0      477.0
     921.0      467.0
     231.0      419.0
     367.0      680.0
     282.0      263.0
     335.0      157.0
     826.0      320.0
     662.0      165.0
     571.0      491.0
    1061.0      201.0
     323.0      560.0
     890.0      558.0
     494.0      159.0
    1035.0      553.0
     915.0      691.0
     447.0      594.0
     807.0      688.0
     213.0      229.0
     921.0      599.0
    1138.0      517.0
     662.0      555.0
     963.0      123.0
     588.0      544.0
     371.0      216.0
     437.0      548.0
     777.0      547.0
     998.0      552.0
     252.0      126.0
     539.0      520.0
     606.0      433.0
     670.0      441.0
     733.0      734.0
     622.0      203.0
     296.0      125.0
     823.0      466.0
    1042.0      492.0
     456.0      437.0
     594.0      397.0
     377.0      281.0
     438.0      168.0
     339.0       47.0
     157.0      374.0
     726.0      241.0
     312.0      148.0
     921.0      658.0
     844.0      707.0
     810.0      661.0
     331.0      125.0
     899.0      647.0
     421.0      390.0
     491.0      741.0
     755.0      432.0
     478.0      193.0
     254.0      645.0
     849.0      578.0
     452.0      458.0
    1034.0      219.0
    1071.0      599.0
     356.0      108.0
     553.0      284.0
     593.0      672.0
     641.0      600.0
     227.0      172.0
     622.0      634.0
     342.0      451.0
    1012.0      225.0
     650.0      693.0
    1035.0      166.0
     540.0      183.0
    1038.0      575.0
    1112.0      520.0
     721.0      439.0
    1033.0      526.0
     322.0      251.0
     900.0      410.0
     523.0      686.0
     628.0      264.0
     389.0      550.0
     645.0      277.0
     497.0      456.0
     348.0      570.0
