<?xml version="1.0"?>
<opencv_storage>
<coins type_id="opencv-matrix">
 <rows>500</rows>
 <cols>1</cols>
 <dt>"2f"</dt>
 <data>
    1195.0      544.0
    1194.0      415.0
    1126.0      739.0
     321.0      791.0
    1134.0      603.0
    1187.0      524.0
     803.0      640.0
    1065.0      524.0
     994.0       96.0
     119.0      189.0
    1341.0      396.0
    1229.0      457.0
    1114.0       78.0
    1094.0      677.0
    1177.0      815.0
     284.0      199.0
    1101.0      524.0
     684.0      821.0
     419.0      621.0
    1305.0      670.0
     241.0      133.0
     151.0      227.0
      97.0      141.0
     592.0      421.0
     219.0      488.0
    1059.0       90.0
     881.0      575.0
     666.0      164.0
    1333.0      564.0
    1042.0      568.0
     360.0      693.0
    1276.0      754.0
     796.0       76.0
     516.0      201.0
     769.0      734.0
     607.0      699.0
     378.0      577.0
    1256.0      446.0
     956.0      509.0
     281.0      490.0
    1147.0      628.0
    1003.0      624.0
     994.0      793.0
     714.0      356.0
     433.0      363.0
    1201.0       99.0
     573.0      356.0
    1159.0      701.0
    1264.0      518.0
     695.0      378.0
     865.0      668.0
    1208.0      193.0
     284.0      775.0
     902.0      212.0
    1146.0      182.0
    1298.0      258.0
      19.0      612.0
     592.0      496.0
    1295.0       93.0
      19.0      640.0
    1267.0      471.0
     675.0      655.0
    1186.0      588.0
    1079.0       62.0
     643.0      289.0
     572.0      723.0
     641.0      364.0
    1260.0      142.0
     301.0      160.0
    1291.0      415.0
     212.0      774.0
     284.0      665.0
     977.0      190.0
     373.0      739.0
    1283.0      163.0
     251.0      679.0
    1221.0      516.0
      55.0      323.0
     686.0      149.0
     566.0      382.0
     241.0      302.0
    1229.0      409.0
     595.0       52.0
     476.0      207.0
    1123.0      404.0
    1201.0      220.0
     129.0      318.0
     435.0      133.0
     521.0       36.0
     379.0      438.0
     503.0      433.0
     395.0      786.0
      47.0      206.0
     989.0       75.0
     840.0      609.0
      61.0      558.0
     532.0      267.0
     264.0      810.0
     881.0      266.0
    1047.0      314.0
     517.0      754.0
     780.0      526.0
    1001.0       46.0
    1338.0      545.0
     524.0      497.0
     115.0      244.0
     179.0      124.0
     874.0      446.0
     490.0        0.0
     602.0       94.0
     837.0      445.0
    1224.0      816.0
     665.0       90.0
    1023.0      252.0
    1230.0      542.0
     750.0      340.0
    1272.0      277.0
    1125.0      118.0
      47.0      133.0
    1217.0      595.0
     631.0      439.0
     809.0      399.0
    1334.0      243.0
     440.0      259.0
     128.0      579.0
    1213.0      166.0
     936.0      291.0
    1358.0      685.0
     863.0      146.0
    1187.0      482.0
     132.0      547.0
     317.0      325.0
    1166.0       71.0
     570.0      268.0
     864.0      765.0
     370.0      308.0
     846.0      817.0
      59.0      113.0
      18.0      451.0
     564.0      800.0
     548.0      130.0
       1.0      137.0
     885.0      519.0
    1177.0      289.0
    1310.0       65.0
    1251.0      741.0
     977.0       21.0
    1227.0      350.0
    1021.0      162.0
     229.0      603.0
     533.0      403.0
     927.0      443.0
     360.0      467.0
     747.0      474.0
    1089.0      170.0
     472.0      352.0
     262.0      257.0
    1210.0      382.0
     957.0      472.0
    1158.0      723.0
     902.0      819.0
     670.0      404.0
     425.0      222.0
    1022.0      123.0
    1137.0      307.0
    1094.0       38.0
    1247.0      383.0
     716.0      686.0
    1060.0      716.0
     981.0      709.0
     842.0      266.0
     991.0      172.0
    1155.0      658.0
     963.0      370.0
     483.0       41.0
    1078.0      132.0
     455.0      801.0
    1177.0      248.0
    1357.0      359.0
    1340.0      287.0
     214.0      320.0
      32.0      683.0
     268.0       42.0
     511.0      665.0
    1029.0      230.0
     602.0       27.0
     445.0      533.0
     158.0      364.0
     265.0      635.0
    1123.0      324.0
    1048.0      677.0
    1108.0      759.0
    1353.0      263.0
    1228.0      725.0
     411.0        0.0
     671.0       49.0
     939.0      530.0
    1225.0      278.0
     527.0      472.0
     949.0      674.0
     797.0      614.0
     231.0      723.0
     174.0       57.0
    1044.0      471.0
    1272.0      311.0
     332.0      811.0
     621.0      481.0
     322.0      440.0
     146.0      455.0
    1151.0      465.0
       0.0      277.0
     832.0      733.0
    1092.0      740.0
     857.0      188.0
     806.0      216.0
     143.0      155.0
     915.0      487.0
     742.0      503.0
     677.0       27.0
      84.0      399.0
    1015.0      536.0
     851.0      584.0
     782.0      246.0
    1139.0      813.0
     630.0      134.0
     258.0      388.0
     906.0      647.0
     556.0      206.0
     808.0      355.0
     812.0      290.0
     179.0      583.0
    1049.0      211.0
    1199.0      695.0
     927.0      315.0
    1009.0      369.0
     123.0      125.0
      97.0      458.0
     335.0      228.0
     695.0      636.0
     742.0      178.0
    1322.0      610.0
    1304.0      631.0
     555.0      614.0
    1300.0      724.0
    1355.0      790.0
     644.0      807.0
     875.0      493.0
     795.0      479.0
    1041.0       56.0
     665.0      231.0
    1348.0      217.0
     514.0      715.0
    1292.0      451.0
    1183.0      151.0
    1286.0       44.0
     667.0      705.0
    1112.0      624.0
     279.0      589.0
     176.0       85.0
     379.0      544.0
     242.0      279.0
     777.0      814.0
    1328.0      363.0
     832.0      244.0
     989.0      584.0
    1085.0      792.0
     637.0      718.0
     377.0      104.0
     687.0      212.0
    1126.0      272.0
    1086.0      249.0
     245.0      562.0
     549.0      700.0
     525.0      102.0
     450.0      560.0
     672.0      759.0
     841.0      308.0
     515.0      803.0
     184.0      560.0
      88.0      302.0
    1243.0      229.0
     777.0      460.0
     473.0      507.0
    1356.0      422.0
     613.0      167.0
     438.0      433.0
     742.0      526.0
     941.0      577.0
       0.0      762.0
    1010.0      750.0
     158.0      742.0
     940.0       43.0
       3.0      163.0
    1156.0      515.0
      14.0      730.0
    1222.0      798.0
     798.0      172.0
     616.0      642.0
     999.0      389.0
     419.0      743.0
     324.0      257.0
     257.0      523.0
     983.0      648.0
    1326.0      442.0
    1079.0      554.0
    1153.0      208.0
     670.0      496.0
    1314.0      132.0
     165.0      632.0
    1160.0      108.0
     699.0        5.0
     531.0      234.0
    1311.0      754.0
     689.0      564.0
    1339.0      460.0
     630.0      670.0
     595.0      336.0
    1073.0      466.0
    1164.0      348.0
     339.0      368.0
    1115.0      656.0
     656.0      592.0
     556.0      528.0
    1188.0      611.0
     256.0      461.0
    1213.0      140.0
     345.0      395.0
     239.0      221.0
     789.0      664.0
     471.0      594.0
    1296.0      595.0
       0.0      497.0
     929.0      705.0
    1007.0      301.0
    1359.0      581.0
    1348.0      638.0
     728.0      267.0
     461.0      707.0
    1349.0      119.0
     943.0      136.0
     734.0      415.0
     162.0      499.0
    1245.0      682.0
     620.0      785.0
     751.0      588.0
     952.0      228.0
     167.0      674.0
     542.0      437.0
     753.0        6.0
    1016.0      813.0
    1223.0       74.0
     720.0      207.0
    1163.0      780.0
     473.0      780.0
    1033.0      644.0
     760.0       91.0
     571.0        4.0
