<?xml version="1.0"?>
<opencv_storage>
<coins type_id="opencv-matrix">
 <rows>500</rows>
 <cols>1</cols>
 <dt>"2f"</dt>
 <data>
     567.0      351.0
     534.0      181.0
      14.0      615.0
     311.0      519.0
     223.0      561.0
     596.0      325.0
     104.0       11.0
     260.0      410.0
     262.0      405.0
      44.0       57.0
     213.0       34.0
      66.0      151.0
     439.0      397.0
     501.0       53.0
     588.0      256.0
     386.0       43.0
     245.0      261.0
     248.0      279.0
      17.0      296.0
     248.0      513.0
     648.0      237.0
     296.0      474.0
     368.0      155.0
     306.0      493.0
     373.0      468.0
     384.0      264.0
     257.0      430.0
     663.0      332.0
     170.0      417.0
      56.0      268.0
      12.0       41.0
     581.0      357.0
     223.0      505.0
     657.0      386.0
     184.0      200.0
     338.0      428.0
     486.0       80.0
     189.0      232.0
     538.0       30.0
       2.0      361.0
     273.0      197.0
      69.0       17.0
     373.0      138.0
     493.0       69.0
     125.0      299.0
     254.0      204.0
     614.0      115.0
      89.0      307.0
     351.0      378.0
     599.0       18.0
      65.0      392.0
     431.0      117.0
     193.0      517.0
     103.0       60.0
     413.0       53.0
     268.0      553.0
      89.0      308.0
     399.0      188.0
     250.0      251.0
     254.0      393.0
     466.0      442.0
     572.0      283.0
     197.0      352.0
     188.0       12.0
     572.0      149.0
     595.0        5.0
     405.0      500.0
      22.0       48.0
     599.0      281.0
     550.0      318.0
     351.0       55.0
      71.0      251.0
      78.0      317.0
     588.0      382.0
     603.0      180.0
       8.0      520.0
     622.0      292.0
     472.0      497.0
     292.0      462.0
     593.0      124.0
     401.0      146.0
     506.0      301.0
     338.0       86.0
     562.0      157.0
     643.0      407.0
     116.0      165.0
     284.0      211.0
     265.0      133.0
      63.0      316.0
     385.0       16.0
     233.0       79.0
     612.0      383.0
     650.0      309.0
     286.0      220.0
     130.0      453.0
     589.0      371.0
     593.0      315.0
     500.0      213.0
      10.0      271.0
     507.0      368.0
      27.0      460.0
      49.0      404.0
     327.0      271.0
     494.0      251.0
     402.0       72.0
     501.0      197.0
     247.0       85.0
     313.0      446.0
     646.0      304.0
     185.0      169.0
     436.0      223.0
       3.0      256.0
     499.0        4.0
     401.0       13.0
     404.0       54.0
     526.0      193.0
     604.0      324.0
     278.0      453.0
      10.0      379.0
     559.0      308.0
      89.0      257.0
     578.0      299.0
     647.0      280.0
     310.0      158.0
     384.0      487.0
     140.0      319.0
     613.0      263.0
     252.0      304.0
     227.0       97.0
     154.0       36.0
     490.0      413.0
     306.0      139.0
     159.0      445.0
     507.0      399.0
      27.0       59.0
     644.0      341.0
     107.0      438.0
      79.0      506.0
     213.0      184.0
     239.0      207.0
     598.0      306.0
     353.0        9.0
     607.0      116.0
     540.0       96.0
     338.0       87.0
     635.0      342.0
     392.0      441.0
     111.0       19.0
     231.0      174.0
     334.0      415.0
     679.0      428.0
     530.0      226.0
     614.0      429.0
     122.0      185.0
      69.0      606.0
     239.0      114.0
     574.0      294.0
     616.0      141.0
     258.0      217.0
      57.0      399.0
     415.0       80.0
     151.0      126.0
     634.0      393.0
     263.0      133.0
     133.0      288.0
     116.0      193.0
     583.0      194.0
     146.0      253.0
      28.0       17.0
     211.0      322.0
      97.0      349.0
     239.0        5.0
     557.0      199.0
     465.0      168.0
     262.0      519.0
      51.0      197.0
     667.0      255.0
     646.0      258.0
     569.0       45.0
      68.0      308.0
      31.0      163.0
     420.0       13.0
     167.0      565.0
     406.0       57.0
     186.0       68.0
     319.0       66.0
     661.0      241.0
     522.0      239.0
     347.0        0.0
     361.0      340.0
     556.0      207.0
     252.0       22.0
     170.0      442.0
      77.0      407.0
     355.0      224.0
     385.0      521.0
     443.0      507.0
     476.0      429.0
     427.0      496.0
     361.0      340.0
     627.0      418.0
       3.0      253.0
     241.0      545.0
      12.0       73.0
     340.0      297.0
      69.0      196.0
     213.0      187.0
     595.0      250.0
     327.0       91.0
     342.0      227.0
     386.0      370.0
     580.0      396.0
      63.0      575.0
     404.0      174.0
     419.0      131.0
     150.0       24.0
     508.0        7.0
     324.0       24.0
     328.0      394.0
     421.0      222.0
     597.0      284.0
     642.0      270.0
     524.0      218.0
     228.0       63.0
     569.0      172.0
     276.0      255.0
     591.0      114.0
     576.0      432.0
      20.0      133.0
     370.0      236.0
      72.0      526.0
     558.0       90.0
     116.0      565.0
     559.0      150.0
     193.0      499.0
     471.0       72.0
     438.0      243.0
     171.0      523.0
     547.0      235.0
     187.0      477.0
     156.0      117.0
     589.0       50.0
      15.0      393.0
     584.0      395.0
     608.0      362.0
     492.0      459.0
     641.0      116.0
     429.0      511.0
     137.0       99.0
     650.0      266.0
      39.0        2.0
     230.0      431.0
     639.0      282.0
     568.0      312.0
     385.0       69.0
     459.0       59.0
     526.0      335.0
     101.0       49.0
     614.0      415.0
     578.0      347.0
      30.0      156.0
     230.0      386.0
     222.0      277.0
     244.0      216.0
      41.0      132.0
      46.0      287.0
     551.0      293.0
     288.0       72.0
     429.0       72.0
     509.0       84.0
     445.0      412.0
     391.0      266.0
      94.0      271.0
      61.0      127.0
      55.0      357.0
      91.0      457.0
     540.0      439.0
     565.0      450.0
      31.0      337.0
     432.0      508.0
     375.0      510.0
     597.0      457.0
     536.0      480.0
      40.0      573.0
      77.0      294.0
     332.0      304.0
     121.0      546.0
     129.0      512.0
      57.0      266.0
     376.0      468.0
     574.0      278.0
     486.0      285.0
     424.0      512.0
     568.0      413.0
     142.0      444.0
     140.0       39.0
      77.0      493.0
      57.0      591.0
     639.0      164.0
     400.0      472.0
      41.0      608.0
     257.0      557.0
      32.0      497.0
     345.0      516.0
     502.0      286.0
     597.0      457.0
     172.0      573.0
      16.0      557.0
      62.0      606.0
      42.0      604.0
      71.0      374.0
     286.0      521.0
     143.0      315.0
     152.0       90.0
     268.0      236.0
      42.0      357.0
     555.0      230.0
     105.0      318.0
      17.0      526.0
     187.0      490.0
     588.0      463.0
      57.0      593.0
     367.0      354.0
      81.0      302.0
      22.0      608.0
     618.0      363.0
     620.0      454.0
      44.0      577.0
      64.0      578.0
     118.0      556.0
      61.0      599.0
     326.0      396.0
     531.0      340.0
     473.0      459.0
     609.0      220.0
     330.0       31.0
     413.0      516.0
     465.0      500.0
     519.0      414.0
     661.0      291.0
     188.0      499.0
     577.0      265.0
     609.0       15.0
     123.0      301.0
     167.0      102.0
     461.0      346.0
      43.0      603.0
     495.0      269.0
       1.0      118.0
      84.0      602.0
     398.0      435.0
      94.0      467.0
      43.0      323.0
     612.0      179.0
     123.0      421.0
     653.0      281.0
     611.0      459.0
