<?xml version="1.0"?>
<opencv_storage>
<coins type_id="opencv-matrix">
 <rows>500</rows>
 <cols>1</cols>
 <dt>"2f"</dt>
 <data>
     500.0      197.0
    1143.0      635.0
     396.0      264.0
     378.0      720.0
     925.0      369.0
     423.0      245.0
     921.0      574.0
     881.0      216.0
     906.0      623.0
     829.0      257.0
     362.0      163.0
     602.0      625.0
     206.0      558.0
     589.0      456.0
     240.0      713.0
     744.0      635.0
     496.0      636.0
    1109.0      304.0
    1018.0      725.0
    1055.0      768.0
     766.0      536.0
     720.0      722.0
     407.0      589.0
     947.0      368.0
     637.0      566.0
     156.0      731.0
     761.0      298.0
     349.0      528.0
     921.0      470.0
     426.0      506.0
    1101.0      389.0
     665.0      521.0
     489.0      679.0
     490.0      255.0
    1074.0      388.0
     329.0      174.0
     754.0      732.0
     979.0      306.0
     665.0      312.0
    1138.0      468.0
     834.0      357.0
     606.0      239.0
     327.0      705.0
     201.0      336.0
     541.0      178.0
     974.0      511.0
    1064.0      274.0
     337.0      251.0
     899.0      656.0
     970.0      761.0
    1040.0      530.0
     516.0      426.0
     161.0      290.0
     630.0      597.0
     583.0      417.0
     234.0      283.0
     324.0      727.0
    1098.0      677.0
     175.0      656.0
     731.0      743.0
     830.0      763.0
     848.0      278.0
     953.0      298.0
     263.0      399.0
     133.0      399.0
     839.0      710.0
     649.0      612.0
     408.0      322.0
    1150.0      566.0
     795.0      222.0
     210.0      710.0
     789.0      456.0
     166.0      211.0
     713.0      699.0
     944.0      249.0
     708.0      444.0
    1055.0      234.0
     279.0      281.0
     711.0      413.0
     271.0      467.0
     934.0      270.0
     380.0      500.0
    1053.0      257.0
     958.0      635.0
     775.0      492.0
     291.0      362.0
     379.0      292.0
     617.0      710.0
     820.0      207.0
     191.0      591.0
     736.0      345.0
     964.0      563.0
    1095.0      520.0
     460.0      741.0
    1141.0      660.0
    1111.0      344.0
     198.0      614.0
     802.0      357.0
     796.0      585.0
     766.0      616.0
    1139.0      340.0
     611.0      571.0
     324.0      570.0
    1123.0      423.0
    1026.0      354.0
     531.0      448.0
     408.0      434.0
     268.0      735.0
     950.0      445.0
     210.0      292.0
     422.0      286.0
     623.0      342.0
     559.0      464.0
    1078.0      305.0
     721.0      538.0
     282.0      492.0
     696.0      607.0
     976.0      711.0
     743.0      783.0
    1043.0      738.0
    1013.0      767.0
     258.0      192.0
    1151.0      451.0
     385.0      439.0
    1015.0      649.0
     905.0      514.0
     364.0      609.0
     863.0      600.0
     987.0      490.0
     195.0      636.0
     637.0      690.0
    1053.0      665.0
     233.0      353.0
     245.0      311.0
     551.0      297.0
    1169.0      230.0
    1075.0      340.0
    1021.0      309.0
    1104.0      761.0
     591.0      659.0
    1141.0      491.0
     801.0      638.0
     491.0      421.0
     181.0      533.0
     991.0      598.0
     960.0      533.0
     581.0      633.0
     223.0      769.0
     774.0      266.0
     695.0      208.0
     755.0      260.0
    1064.0      357.0
     501.0      309.0
    1064.0      558.0
    1082.0      677.0
     362.0      433.0
     232.0      571.0
     759.0      705.0
     922.0      243.0
     538.0      625.0
     810.0      674.0
     666.0      245.0
     802.0      560.0
     322.0      764.0
     849.0      386.0
     509.0      602.0
     843.0      475.0
     938.0      502.0
     474.0      295.0
     456.0      605.0
     589.0      605.0
     828.0      681.0
     549.0      601.0
    1158.0      509.0
     149.0      154.0
     283.0      663.0
     725.0      296.0
     455.0      648.0
     556.0      745.0
    1147.0      747.0
    1097.0      246.0
     913.0      393.0
    1088.0      659.0
     456.0      580.0
     867.0      661.0
     370.0      680.0
     705.0      486.0
     633.0      444.0
     406.0      469.0
    1150.0      377.0
    1114.0      267.0
     618.0      299.0
     601.0      314.0
     889.0      438.0
    1120.0      365.0
    1072.0      432.0
     426.0      426.0
    1147.0      730.0
     889.0      488.0
     502.0      562.0
     937.0      666.0
    1035.0      279.0
     164.0      610.0
     248.0      497.0
     830.0      598.0
    1061.0      586.0
     970.0      343.0
     897.0      593.0
     317.0      394.0
     333.0      328.0
     932.0      613.0
    1002.0      477.0
     551.0      686.0
     289.0      471.0
     316.0      310.0
     917.0      494.0
     250.0      161.0
     279.0      637.0
     747.0      607.0
     504.0      287.0
    1044.0      323.0
     468.0      480.0
     639.0      231.0
     174.0      565.0
     995.0      422.0
     821.0      574.0
     750.0      753.0
     985.0      556.0
     865.0      329.0
     917.0      531.0
     173.0      500.0
     541.0      493.0
     338.0      597.0
     216.0      508.0
     974.0      592.0
     934.0      589.0
     452.0      491.0
     979.0      535.0
    1110.0      553.0
     225.0      448.0
     928.0      731.0
     469.0      694.0
     541.0      327.0
     730.0      688.0
     222.0      658.0
    1101.0      364.0
    1023.0      750.0
     153.0      581.0
     689.0      416.0
     427.0      575.0
     875.0      379.0
     570.0      362.0
     685.0      467.0
    1081.0      539.0
     536.0      415.0
    1110.0      451.0
     690.0      637.0
     279.0      425.0
    1118.0      478.0
     142.0      309.0
     389.0      753.0
    1086.0      616.0
     218.0      216.0
     300.0      787.0
     955.0      218.0
     190.0      761.0
     650.0      406.0
    1128.0      396.0
    1099.0      712.0
     722.0      474.0
     678.0      222.0
     643.0      299.0
     847.0      304.0
     500.0      475.0
     612.0      420.0
     742.0      560.0
     746.0      220.0
     660.0      433.0
     836.0      540.0
     937.0      350.0
     723.0      655.0
     523.0      349.0
     836.0      653.0
     139.0      187.0
     910.0      282.0
    1087.0      725.0
    1063.0      314.0
     577.0      723.0
     603.0      203.0
     772.0      343.0
     349.0      463.0
     191.0      199.0
     318.0      417.0
     544.0      530.0
     884.0      718.0
     879.0      309.0
     385.0      191.0
    1037.0      645.0
     367.0      315.0
     281.0      172.0
     556.0      775.0
     864.0      419.0
     158.0      771.0
    1093.0      414.0
     592.0      779.0
     419.0      780.0
     730.0      766.0
     898.0      695.0
     604.0      384.0
     416.0      640.0
     522.0      547.0
     911.0      421.0
     939.0      388.0
    1112.0      743.0
     519.0      670.0
     160.0      457.0
     542.0      214.0
     578.0      683.0
     293.0      723.0
    1141.0      695.0
    1008.0      368.0
     751.0      281.0
     315.0      208.0
     564.0      655.0
     654.0      337.0
     389.0      788.0
     363.0      482.0
     546.0      567.0
     789.0      613.0
     715.0      616.0
     696.0      311.0
     732.0      375.0
     738.0      419.0
     987.0      242.0
     788.0      242.0
     916.0      712.0
     757.0      401.0
     430.0      330.0
     805.0      714.0
    1000.0      682.0
     821.0      407.0
     656.0      772.0
    1018.0      589.0
     841.0      519.0
    1073.0      252.0
     872.0      579.0
     505.0      513.0
     948.0      707.0
    1073.0      469.0
    1037.0      617.0
     576.0      438.0
     235.0      423.0
     805.0      772.0
    1007.0      392.0
     761.0      429.0
     273.0      684.0
     358.0      366.0
