<?xml version="1.0"?>
<opencv_storage>
<coins type_id="opencv-matrix">
 <rows>500</rows>
 <cols>1</cols>
 <dt>"2f"</dt>
 <data>
      33.0      182.0
      75.0      349.0
     454.0      224.0
     259.0      208.0
     380.0        3.0
     334.0       25.0
     484.0       23.0
     651.0      124.0
     303.0      105.0
     434.0      363.0
     560.0       82.0
     197.0      462.0
      68.0       34.0
     384.0      101.0
      53.0      102.0
     669.0      373.0
     605.0      273.0
     296.0      394.0
     620.0      421.0
     589.0       79.0
     669.0      226.0
     659.0      169.0
     503.0      132.0
     663.0      413.0
     307.0        5.0
     104.0      461.0
      41.0      230.0
     223.0      153.0
     471.0      246.0
     703.0      323.0
     641.0       67.0
      57.0      466.0
     242.0      275.0
      93.0      182.0
     326.0      375.0
       3.0      384.0
     254.0      140.0
     445.0      249.0
     124.0      326.0
     277.0      434.0
     170.0       46.0
     296.0      329.0
     484.0       45.0
     611.0       75.0
     411.0      303.0
     584.0      149.0
     424.0      201.0
     408.0       90.0
     375.0      303.0
     496.0       36.0
     502.0      418.0
     583.0      292.0
     241.0      352.0
     282.0      479.0
     698.0      160.0
     462.0      161.0
     168.0       21.0
     237.0      439.0
     573.0       27.0
     543.0      305.0
     339.0      508.0
     488.0      156.0
     499.0      465.0
     345.0      146.0
     154.0      187.0
     692.0      224.0
     303.0       93.0
     499.0      458.0
     281.0      103.0
      79.0      546.0
     410.0      393.0
     342.0      233.0
     500.0        2.0
     496.0      366.0
     515.0      465.0
       2.0      454.0
     245.0      188.0
     579.0      445.0
      77.0      266.0
     333.0      342.0
      67.0      423.0
      19.0      374.0
      68.0        0.0
     399.0      152.0
     188.0      476.0
     200.0      144.0
     116.0      378.0
     302.0       45.0
     642.0      326.0
     132.0      393.0
     592.0      268.0
     442.0       26.0
     459.0      123.0
     246.0      484.0
      17.0      520.0
     145.0       68.0
     431.0      131.0
     612.0      237.0
     309.0      356.0
     285.0      293.0
     301.0      444.0
      75.0      116.0
     137.0      330.0
     180.0       87.0
      50.0      150.0
     426.0      152.0
       5.0      207.0
     129.0       51.0
     198.0        3.0
      30.0      267.0
     211.0      399.0
     124.0      466.0
     534.0       69.0
     403.0        7.0
     106.0       34.0
       9.0      506.0
     592.0      333.0
      53.0      184.0
     633.0      441.0
     678.0      390.0
     548.0       81.0
     274.0      337.0
     489.0       60.0
       9.0      219.0
     385.0      273.0
     511.0       43.0
      36.0      564.0
     430.0      152.0
     150.0      525.0
     558.0      112.0
     469.0      498.0
     578.0      480.0
     283.0      110.0
     575.0      304.0
     643.0      289.0
     411.0      200.0
      98.0      196.0
     557.0       29.0
     134.0      110.0
     220.0      393.0
     536.0      324.0
     551.0      238.0
     422.0      480.0
       1.0      540.0
     248.0      388.0
     588.0       77.0
     135.0       83.0
     624.0      280.0
      61.0      347.0
     510.0       53.0
     470.0      241.0
     131.0      496.0
     394.0       62.0
     239.0      331.0
     114.0       82.0
     660.0      182.0
      49.0      299.0
     370.0      428.0
     481.0      283.0
     451.0       93.0
     677.0       12.0
     512.0      333.0
     511.0      286.0
     561.0      433.0
     324.0        0.0
     292.0      496.0
     458.0       74.0
     346.0      341.0
     440.0      177.0
     680.0      387.0
     619.0       48.0
     577.0      455.0
     108.0      378.0
     156.0      376.0
      92.0      288.0
     109.0      345.0
     417.0      379.0
     523.0      446.0
     514.0      283.0
     684.0      278.0
      87.0      427.0
     141.0       85.0
     653.0       66.0
     163.0      260.0
     518.0       23.0
     141.0      433.0
     273.0      295.0
     524.0      106.0
     553.0      255.0
      21.0      565.0
     678.0      132.0
     617.0      313.0
     325.0       53.0
     174.0      264.0
     280.0      494.0
      64.0      289.0
       3.0       69.0
     565.0      327.0
      62.0      160.0
     594.0      223.0
     671.0      389.0
       1.0      406.0
     263.0      366.0
     478.0      196.0
     607.0      330.0
     279.0      349.0
     644.0      380.0
     365.0      167.0
     246.0      226.0
     505.0       17.0
      22.0      416.0
     218.0      217.0
      91.0      475.0
     181.0      351.0
     686.0      116.0
     704.0      338.0
     236.0      384.0
     264.0      179.0
     336.0      119.0
     562.0       64.0
     175.0      326.0
     527.0      437.0
     121.0       36.0
     460.0      133.0
     197.0      424.0
     399.0      282.0
     431.0      228.0
     564.0      259.0
     127.0      176.0
     591.0      355.0
     278.0      421.0
     322.0      515.0
     423.0      273.0
     685.0       30.0
      86.0       15.0
      60.0      371.0
      60.0      222.0
     420.0      264.0
     706.0      268.0
      81.0      345.0
      45.0       64.0
     579.0      318.0
     253.0       54.0
     412.0       99.0
      79.0      359.0
     471.0      374.0
     659.0      255.0
     360.0      471.0
     382.0      131.0
     508.0      446.0
     306.0      115.0
     273.0      416.0
     308.0      181.0
     211.0      430.0
     208.0      525.0
     115.0      338.0
     488.0      182.0
      54.0      446.0
     681.0      187.0
     515.0      190.0
      46.0      532.0
     639.0      306.0
     310.0      222.0
     683.0      220.0
     427.0      302.0
     116.0        8.0
     218.0      156.0
     475.0      372.0
     165.0      526.0
     210.0      511.0
     540.0      441.0
     184.0        6.0
     321.0      362.0
     282.0      313.0
     216.0      191.0
       0.0      536.0
      86.0      183.0
     254.0       84.0
     309.0       62.0
     410.0       96.0
     512.0      411.0
      94.0       45.0
     405.0      322.0
     152.0      197.0
     395.0      245.0
     696.0      257.0
     405.0      130.0
     220.0      467.0
      16.0       77.0
     113.0      301.0
     399.0      171.0
     394.0        4.0
     476.0      125.0
     195.0      272.0
     594.0      230.0
     409.0      112.0
     700.0      142.0
     511.0      197.0
     495.0      337.0
     231.0      312.0
     216.0      517.0
     469.0      312.0
     232.0      404.0
     631.0       98.0
     381.0      345.0
     538.0      407.0
     395.0      171.0
     306.0      180.0
      48.0      209.0
      83.0      479.0
      52.0      442.0
     425.0      498.0
     392.0      357.0
     147.0      287.0
      97.0      367.0
     424.0      319.0
     423.0      352.0
     134.0      526.0
     672.0      141.0
     134.0      475.0
     225.0      302.0
      15.0      432.0
     143.0      197.0
     177.0      400.0
     702.0      266.0
     551.0       91.0
     141.0      196.0
     386.0      216.0
     206.0      263.0
     351.0      353.0
     269.0       60.0
     313.0      119.0
     322.0      168.0
     247.0       80.0
     656.0       90.0
     349.0      321.0
      10.0      317.0
     519.0      265.0
     323.0      306.0
     603.0      383.0
     418.0      116.0
     316.0      329.0
     168.0      179.0
     430.0      242.0
     334.0      341.0
     468.0      312.0
     569.0      402.0
     222.0       43.0
     459.0      252.0
     522.0       13.0
     552.0      217.0
     351.0      380.0
     402.0      502.0
     538.0      207.0
     588.0      142.0
     427.0      221.0
     591.0       61.0
