<?xml version="1.0"?>
<opencv_storage>
<coins type_id="opencv-matrix">
 <rows>500</rows>
 <cols>1</cols>
 <dt>"2f"</dt>
 <data>
     218.0      714.0
     618.0      634.0
    1088.0      310.0
     213.0      442.0
     955.0      548.0
     788.0      500.0
     652.0      572.0
    1049.0      784.0
    1019.0      487.0
     930.0      773.0
     334.0      146.0
     303.0      788.0
     875.0      424.0
     643.0      763.0
     856.0      391.0
     781.0      743.0
     988.0      575.0
     174.0      529.0
     567.0      360.0
     316.0      239.0
     491.0      304.0
     268.0      419.0
     839.0      359.0
     199.0      679.0
     404.0      235.0
     897.0      330.0
    1071.0      278.0
    1001.0      606.0
     758.0      754.0
     333.0      605.0
     211.0      271.0
     509.0      642.0
     936.0      478.0
    1010.0      430.0
     776.0      765.0
     772.0      797.0
     903.0      445.0
     993.0      522.0
     705.0      361.0
    1153.0      349.0
     924.0      523.0
     457.0      765.0
     444.0      747.0
     932.0      636.0
     799.0      405.0
     826.0      255.0
     629.0      487.0
     626.0      577.0
     873.0      271.0
     303.0      611.0
     524.0      168.0
     697.0      284.0
     193.0      800.0
    1019.0      230.0
    1114.0      634.0
     877.0      213.0
     200.0      614.0
     928.0      708.0
    1170.0      262.0
     564.0      465.0
     985.0      647.0
    1086.0      348.0
     805.0      359.0
    1088.0      571.0
     552.0      534.0
     396.0      728.0
     638.0      296.0
     882.0      773.0
     232.0      570.0
     852.0      610.0
    1165.0      387.0
     596.0      311.0
     768.0      262.0
     572.0      695.0
     380.0      692.0
     894.0      675.0
     541.0      291.0
     517.0      427.0
     465.0      610.0
     721.0      295.0
    1005.0      501.0
     817.0      684.0
    1122.0      309.0
    1141.0      434.0
     250.0      392.0
     475.0      246.0
    1174.0      652.0
     306.0      388.0
    1134.0      730.0
    1175.0      714.0
     404.0      468.0
     164.0      495.0
     190.0      591.0
     667.0      740.0
     346.0      687.0
     884.0      310.0
     145.0      564.0
    1176.0      235.0
     531.0      448.0
     612.0      295.0
    1084.0      403.0
    1030.0      297.0
     257.0      270.0
     752.0      507.0
     423.0      424.0
     805.0      255.0
     430.0      662.0
     470.0      481.0
     435.0      724.0
     695.0      704.0
     956.0      300.0
     598.0      641.0
     814.0      203.0
     188.0      200.0
     790.0      638.0
     155.0      232.0
     325.0      196.0
     716.0      415.0
     516.0      344.0
     843.0      791.0
     275.0      354.0
     601.0      361.0
     556.0      573.0
     237.0      775.0
    1136.0      569.0
    1023.0      580.0
     966.0      681.0
     667.0      620.0
     860.0      754.0
     750.0      255.0
    1163.0      506.0
    1078.0      660.0
    1039.0      498.0
     745.0      666.0
     782.0      239.0
     317.0      320.0
     900.0      250.0
    1111.0      323.0
    1112.0      567.0
     451.0      323.0
    1000.0      627.0
     273.0      225.0
     746.0      734.0
     757.0      777.0
     789.0      217.0
     840.0      583.0
     768.0      617.0
     505.0      686.0
    1159.0      480.0
    1002.0      547.0
    1019.0      375.0
     363.0      757.0
     911.0      283.0
    1057.0      766.0
     815.0      302.0
     628.0      225.0
    1025.0      545.0
     786.0      717.0
     619.0      790.0
     950.0      696.0
     567.0      291.0
     958.0      626.0
    1163.0      537.0
     377.0      254.0
     899.0      727.0
     986.0      309.0
     511.0      516.0
     862.0      359.0
     783.0      545.0
     853.0      693.0
    1127.0      334.0
     400.0      783.0
     537.0      677.0
     409.0      666.0
     242.0      526.0
    1034.0      600.0
     558.0      513.0
     593.0      232.0
    1177.0      582.0
     761.0      403.0
    1181.0      523.0
    1077.0      755.0
     169.0      776.0
     732.0      479.0
    1060.0      401.0
     171.0      563.0
     214.0      220.0
     935.0      375.0
     723.0      723.0
     217.0      143.0
     442.0      790.0
     180.0      325.0
    1091.0      787.0
     395.0      316.0
     711.0      647.0
     957.0      600.0
     738.0      712.0
     521.0      607.0
     661.0      700.0
     346.0      216.0
    1086.0      600.0
     881.0      450.0
     716.0      492.0
     608.0      465.0
     535.0      321.0
     401.0      624.0
     264.0      463.0
    1130.0      415.0
     361.0      609.0
    1139.0      491.0
     567.0      211.0
    1143.0      703.0
     225.0      662.0
     482.0      186.0
     516.0      747.0
    1068.0      691.0
    1184.0      767.0
     349.0      528.0
     430.0      507.0
     335.0      644.0
     179.0      657.0
    1119.0      674.0
     773.0      342.0
     228.0      176.0
    1114.0      691.0
     846.0      277.0
    1004.0      778.0
    1008.0      568.0
     868.0      292.0
     961.0      354.0
     331.0      749.0
     825.0      650.0
     115.0      390.0
     886.0      612.0
     281.0      739.0
     133.0      193.0
     873.0      578.0
    1011.0      330.0
    1091.0      443.0
     848.0      304.0
     660.0      262.0
    1066.0      632.0
     854.0      233.0
    1125.0      354.0
     468.0      352.0
    1084.0      682.0
    1018.0      400.0
     102.0      168.0
     838.0      689.0
     414.0      592.0
     911.0      791.0
     322.0      678.0
     285.0      638.0
     215.0      344.0
     588.0      195.0
     620.0      341.0
     717.0      448.0
     307.0      728.0
     479.0      748.0
     733.0      376.0
     409.0      761.0
    1125.0      596.0
     952.0      394.0
     332.0      286.0
    1009.0      727.0
     903.0      498.0
     654.0      407.0
     535.0      415.0
     493.0      280.0
     325.0      429.0
     500.0      714.0
    1045.0      664.0
     678.0      526.0
     979.0      782.0
     615.0      420.0
     356.0      806.0
    1039.0      702.0
    1005.0      745.0
     453.0      491.0
     767.0      491.0
     947.0      727.0
     912.0      587.0
    1171.0      464.0
     134.0      276.0
     603.0      612.0
    1150.0      761.0
    1144.0      263.0
     297.0      300.0
    1142.0      780.0
     822.0      753.0
     430.0      374.0
     698.0      795.0
     300.0      156.0
    1058.0      260.0
     380.0      499.0
    1115.0      376.0
     361.0      177.0
     209.0      504.0
    1182.0      484.0
    1184.0      749.0
     582.0      786.0
     939.0      315.0
     723.0      683.0
    1110.0      424.0
     511.0      567.0
     663.0      510.0
     737.0      215.0
     596.0      579.0
     954.0      217.0
     638.0      445.0
     319.0      474.0
    1105.0      270.0
     870.0      724.0
     437.0      559.0
     163.0      610.0
     693.0      470.0
     659.0      310.0
     692.0      309.0
     319.0      710.0
     759.0      217.0
     115.0      296.0
    1016.0      699.0
     164.0      735.0
    1122.0      744.0
     651.0      333.0
     992.0      388.0
     869.0      331.0
    1030.0      624.0
     922.0      243.0
     766.0      646.0
     690.0      340.0
     641.0      721.0
     745.0      421.0
     400.0      706.0
     820.0      331.0
     388.0      598.0
     342.0      771.0
     854.0      548.0
     882.0      382.0
    1058.0      725.0
     832.0      411.0
     492.0      656.0
     561.0      752.0
     855.0      528.0
     828.0      725.0
    1173.0      678.0
     698.0      666.0
     920.0      605.0
     465.0      205.0
     362.0      282.0
    1052.0      328.0
    1118.0      535.0
     696.0      749.0
     977.0      497.0
     770.0      433.0
     282.0      688.0
    1043.0      383.0
