<?xml version="1.0"?>
<opencv_storage>
<coins type_id="opencv-matrix">
 <rows>500</rows>
 <cols>1</cols>
 <dt>"2f"</dt>
 <data>
    1228.0      333.0
     856.0      395.0
     230.0      664.0
     691.0      610.0
     745.0      701.0
     836.0      598.0
     823.0      105.0
     903.0       96.0
     249.0      497.0
     517.0      745.0
     680.0      733.0
     188.0      626.0
    1264.0       33.0
     759.0      511.0
     695.0      138.0
    1014.0      370.0
    1128.0      714.0
     203.0      159.0
     863.0      558.0
     556.0      692.0
     649.0      323.0
     903.0      298.0
     514.0      185.0
     359.0      723.0
     618.0      227.0
     233.0      239.0
     707.0      227.0
     143.0      165.0
     848.0      131.0
     243.0      364.0
     362.0      405.0
     207.0      383.0
     326.0      120.0
     739.0      215.0
    1177.0      515.0
     182.0      594.0
     245.0      418.0
     298.0      329.0
     504.0      387.0
     321.0      458.0
     331.0      285.0
     153.0      368.0
    1265.0      612.0
     813.0      567.0
     621.0      202.0
     903.0      591.0
     854.0      192.0
     816.0       53.0
     311.0      567.0
     219.0      312.0
     275.0      481.0
    1207.0      319.0
     366.0      235.0
     227.0       46.0
     646.0      571.0
    1191.0      583.0
     335.0      570.0
     925.0      507.0
     765.0      295.0
     307.0      114.0
    1282.0      575.0
    1165.0      606.0
      89.0      159.0
     269.0      761.0
     871.0      694.0
     174.0      389.0
     492.0      506.0
     755.0       51.0
     286.0      453.0
     327.0       62.0
    1145.0      698.0
     401.0      475.0
     677.0      198.0
     485.0      636.0
     304.0       66.0
     189.0      503.0
     988.0      245.0
     987.0      128.0
     301.0      182.0
     522.0      408.0
    1009.0      493.0
    1135.0      149.0
       3.0      338.0
     343.0      385.0
     414.0      363.0
     572.0      551.0
     916.0      626.0
     435.0      268.0
    1122.0      599.0
     347.0      203.0
     262.0      349.0
     175.0      241.0
     398.0      613.0
     243.0      117.0
     514.0      479.0
     553.0      419.0
     165.0      533.0
    1222.0      227.0
     519.0      591.0
     480.0      440.0
     339.0       20.0
     324.0      743.0
     256.0      292.0
    1227.0       72.0
     749.0      303.0
     778.0      435.0
     122.0      119.0
    1105.0      265.0
    1234.0      286.0
     283.0      325.0
     161.0      417.0
     820.0      162.0
     344.0      450.0
     684.0      167.0
     458.0      209.0
    1290.0      144.0
     799.0      215.0
     728.0       62.0
     795.0      299.0
     196.0      670.0
    1276.0      723.0
     194.0      357.0
     864.0      724.0
     914.0      164.0
     213.0       90.0
     427.0      204.0
     768.0      203.0
     961.0      368.0
     216.0      156.0
     150.0      190.0
    1203.0      244.0
     475.0      295.0
     495.0      382.0
     730.0      762.0
     360.0      497.0
     521.0      150.0
     331.0      148.0
     406.0      282.0
     264.0      582.0
     465.0      757.0
     831.0      124.0
    1037.0      374.0
     305.0      663.0
     951.0      278.0
     611.0       62.0
     795.0      763.0
     893.0      485.0
    1217.0      390.0
     873.0      223.0
    1268.0      403.0
     865.0      617.0
     503.0      674.0
     236.0      154.0
     274.0      312.0
     467.0      372.0
     845.0      695.0
     407.0      752.0
     218.0      695.0
      76.0      440.0
     255.0      618.0
    1286.0       80.0
     257.0      255.0
     181.0      575.0
     317.0       89.0
     566.0      130.0
      36.0      379.0
     623.0      659.0
     131.0      144.0
    1125.0      298.0
     297.0      497.0
     518.0      523.0
     269.0      220.0
    1164.0      719.0
    1057.0      448.0
     377.0       89.0
     326.0      512.0
     897.0      174.0
    1229.0       32.0
    1147.0       80.0
     304.0      388.0
     719.0      288.0
     418.0      541.0
    1274.0      123.0
     918.0      415.0
     183.0      341.0
     358.0      693.0
     704.0      475.0
     475.0      130.0
     387.0      635.0
     491.0      548.0
     319.0      346.0
     374.0      663.0
     418.0       67.0
     284.0      503.0
    1146.0      636.0
    1282.0      681.0
     647.0      742.0
     153.0      308.0
     800.0      498.0
     273.0      569.0
     951.0      243.0
     346.0      697.0
     828.0      487.0
     692.0      480.0
     411.0      651.0
     345.0       86.0
     724.0      256.0
     224.0      591.0
     959.0      486.0
     639.0      377.0
     546.0      591.0
     486.0      414.0
     234.0      384.0
     206.0      325.0
     188.0      550.0
     246.0      691.0
     534.0      319.0
     638.0      132.0
     159.0      109.0
     676.0      402.0
     992.0      409.0
     757.0      607.0
     352.0       46.0
     402.0      672.0
     640.0      465.0
     563.0      658.0
     826.0      444.0
     809.0      393.0
     214.0      649.0
     158.0      268.0
     840.0      158.0
     356.0      645.0
     861.0       71.0
     845.0      354.0
    1209.0       48.0
    1189.0      432.0
     443.0      462.0
     882.0      118.0
    1239.0      729.0
     561.0      769.0
     405.0      555.0
     250.0      593.0
     568.0       23.0
     899.0      679.0
     780.0      638.0
     396.0      713.0
     939.0      335.0
     856.0      262.0
     699.0      598.0
     302.0      301.0
     363.0      144.0
     524.0      451.0
     665.0      450.0
     355.0      532.0
     976.0       68.0
     813.0      659.0
     437.0      171.0
     382.0      145.0
     892.0      421.0
     906.0      266.0
    1283.0      201.0
     452.0      625.0
     255.0      472.0
    1262.0      218.0
     699.0      665.0
     275.0      365.0
     311.0      406.0
     655.0      223.0
     182.0      512.0
     705.0      308.0
     781.0      248.0
     607.0       74.0
     205.0      272.0
    1204.0      158.0
     252.0      450.0
     998.0      423.0
     205.0      247.0
     611.0      760.0
     249.0      639.0
    1283.0      490.0
     990.0      293.0
     257.0      527.0
     591.0      596.0
     135.0      344.0
     444.0      324.0
     219.0      211.0
     949.0      567.0
     720.0      509.0
     490.0      748.0
     775.0       97.0
    1008.0      164.0
    1250.0      125.0
    1275.0      331.0
     593.0      326.0
     371.0      413.0
     841.0      574.0
     395.0      625.0
     204.0      536.0
     431.0      387.0
     786.0      158.0
     819.0       70.0
     918.0      128.0
     678.0      276.0
     675.0      366.0
     744.0      554.0
     438.0      732.0
     957.0      195.0
     476.0      260.0
     620.0      261.0
     693.0       66.0
      42.0       96.0
     530.0      293.0
     247.0      209.0
     167.0      476.0
    1088.0      344.0
     313.0      154.0
     482.0      727.0
     179.0      438.0
     724.0      402.0
    1239.0      625.0
     779.0      611.0
     498.0      365.0
     429.0      148.0
     443.0      196.0
     649.0      177.0
     325.0      596.0
     226.0      452.0
     617.0      737.0
     293.0       62.0
    1205.0      661.0
     469.0      595.0
     407.0      666.0
     574.0      389.0
     828.0      345.0
     245.0      564.0
    1232.0      599.0
     442.0      134.0
     474.0      665.0
     210.0      587.0
    1250.0      510.0
     631.0      421.0
    1274.0      511.0
     205.0      609.0
     472.0      229.0
     288.0      660.0
     290.0       74.0
     547.0      613.0
     506.0      428.0
    1227.0      173.0
     244.0      190.0
     889.0       95.0
     393.0      246.0
     208.0      192.0
    1092.0      166.0
    1247.0      165.0
     335.0      255.0
    1167.0      239.0
