<?xml version="1.0"?>
<opencv_storage>
<coins type_id="opencv-matrix">
 <rows>500</rows>
 <cols>1</cols>
 <dt>"2f"</dt>
 <data>
     524.0      417.0
     106.0      271.0
     907.0      445.0
     305.0      505.0
    1034.0      401.0
     896.0      467.0
     609.0      294.0
     797.0      240.0
     741.0      534.0
     884.0      490.0
     913.0      240.0
     715.0      635.0
     619.0      238.0
     538.0      756.0
     825.0      229.0
     255.0      206.0
     274.0      718.0
     838.0      188.0
     624.0      315.0
     670.0      721.0
     983.0      629.0
     152.0      240.0
     621.0      199.0
     201.0      653.0
     571.0      736.0
     572.0      556.0
     893.0      417.0
     478.0      473.0
     711.0      411.0
     931.0      693.0
     898.0      252.0
     253.0      286.0
     255.0      675.0
     102.0      204.0
     322.0      772.0
     480.0      423.0
     945.0      302.0
     923.0      536.0
     669.0      750.0
     520.0      188.0
     784.0      371.0
     970.0      201.0
     825.0      619.0
     563.0      252.0
    1007.0      495.0
     932.0      174.0
     643.0      433.0
     839.0      659.0
     253.0      735.0
     845.0      732.0
     134.0      171.0
     864.0      406.0
     155.0      538.0
     788.0      561.0
     138.0      680.0
     146.0      601.0
     782.0      299.0
     530.0      659.0
     904.0      491.0
     319.0      588.0
     902.0      186.0
      76.0      128.0
    1030.0      368.0
     803.0      693.0
     174.0      146.0
     822.0      551.0
     128.0      524.0
     313.0      219.0
     289.0      736.0
     805.0      742.0
     807.0      415.0
    1085.0      423.0
     925.0      628.0
     436.0      384.0
     740.0      465.0
     458.0      762.0
     455.0      374.0
    1082.0      463.0
    1045.0      232.0
     758.0      742.0
     895.0      568.0
     972.0      568.0
     432.0      566.0
     792.0      209.0
     733.0      151.0
     992.0      196.0
     507.0      597.0
     112.0      388.0
     168.0      708.0
     437.0      142.0
    1023.0      340.0
     882.0      600.0
     534.0      252.0
     255.0      569.0
     267.0      773.0
     191.0      298.0
     983.0      734.0
     970.0      496.0
     800.0      627.0
     982.0      260.0
     860.0      193.0
     262.0      652.0
     107.0      767.0
     364.0      729.0
     734.0      281.0
     859.0      354.0
    1025.0      538.0
     304.0      461.0
     511.0      215.0
     901.0      598.0
    1077.0      693.0
    1041.0      313.0
     792.0      330.0
     196.0      124.0
     797.0      510.0
     679.0      249.0
     484.0      591.0
    1062.0      420.0
     416.0      148.0
     264.0      163.0
     477.0      653.0
     974.0      178.0
     764.0      253.0
     793.0      158.0
     298.0      422.0
     829.0      396.0
     999.0      270.0
    1056.0      202.0
     737.0      624.0
     794.0      668.0
     956.0      548.0
    1085.0      386.0
    1001.0      669.0
    1075.0      402.0
     989.0      538.0
     245.0      504.0
     738.0      744.0
     659.0      166.0
     679.0      169.0
    1036.0      511.0
     450.0      406.0
     914.0      392.0
     712.0      721.0
     985.0      410.0
    1073.0      546.0
    1066.0      445.0
     211.0      474.0
     724.0      518.0
     585.0      217.0
     725.0      206.0
     832.0      346.0
     119.0      296.0
     276.0      113.0
    1027.0      674.0
     519.0      272.0
    1076.0      711.0
    1020.0      263.0
     939.0      365.0
     806.0      446.0
     642.0      397.0
     605.0      639.0
     307.0      400.0
     330.0      395.0
     890.0      292.0
     869.0      162.0
     173.0      552.0
     420.0      600.0
     733.0      254.0
     719.0      547.0
     962.0      607.0
     986.0      305.0
     697.0      226.0
      82.0      703.0
     346.0      685.0
     563.0      343.0
     636.0      654.0
     159.0      190.0
     351.0      540.0
     234.0      268.0
     201.0      675.0
     214.0      436.0
     393.0      591.0
     438.0      668.0
     350.0      288.0
     974.0      372.0
     500.0      173.0
     913.0      729.0
    1089.0      173.0
     168.0      684.0
     540.0      387.0
     392.0      249.0
    1082.0      200.0
     779.0      716.0
     192.0      699.0
     670.0      207.0
     734.0      428.0
     749.0      703.0
     168.0      418.0
     419.0      406.0
     919.0      466.0
     791.0      397.0
     888.0      350.0
     808.0      714.0
     939.0      456.0
     591.0      728.0
     192.0      429.0
     459.0      165.0
     843.0      673.0
     507.0      436.0
     877.0      687.0
     572.0      446.0
     543.0      298.0
     444.0      693.0
      78.0      436.0
     644.0      688.0
     642.0      497.0
      98.0      620.0
     955.0      426.0
     986.0      514.0
     252.0      597.0
     493.0      250.0
     602.0      495.0
     328.0      430.0
     436.0      253.0
     280.0      572.0
     923.0      428.0
     105.0      500.0
     187.0      574.0
      97.0      532.0
     998.0      422.0
    1017.0      426.0
     118.0      363.0
     663.0      517.0
     145.0      575.0
     964.0      637.0
     890.0      509.0
     108.0      427.0
     639.0      751.0
     393.0      312.0
     612.0      600.0
     731.0      678.0
     951.0      283.0
     812.0      588.0
     941.0      733.0
     409.0      208.0
     314.0      670.0
     533.0      532.0
     999.0      705.0
    1035.0      273.0
     687.0      670.0
      77.0      592.0
     387.0      225.0
     605.0      424.0
     897.0      727.0
     516.0      150.0
     783.0      277.0
     970.0      701.0
     107.0      153.0
     753.0      559.0
     448.0      635.0
     526.0      590.0
     993.0      567.0
     247.0      440.0
     551.0      616.0
    1070.0      657.0
     571.0      673.0
    1047.0      601.0
     351.0      579.0
     347.0      225.0
    1024.0      312.0
     241.0      327.0
     107.0      664.0
     950.0      203.0
      54.0      143.0
      40.0      105.0
     212.0      721.0
     401.0      364.0
     735.0      639.0
     577.0      155.0
     720.0      309.0
     432.0      762.0
     417.0      265.0
    1020.0      475.0
     469.0      251.0
     244.0      474.0
    1052.0      676.0
     327.0      279.0
     504.0      683.0
     676.0      441.0
     322.0      726.0
      60.0      268.0
     572.0      650.0
     214.0      194.0
     484.0      715.0
      82.0      166.0
     481.0      332.0
     810.0      392.0
     609.0      374.0
     220.0      593.0
    1027.0      196.0
     459.0      732.0
     764.0      434.0
      85.0      743.0
     505.0      535.0
     242.0      125.0
     168.0      491.0
     665.0      671.0
    1021.0      388.0
     684.0      593.0
     385.0      683.0
     383.0      181.0
     684.0      420.0
     693.0      342.0
     446.0      510.0
     183.0      361.0
     152.0      455.0
     628.0      617.0
     285.0      272.0
    1072.0      326.0
    1074.0      495.0
     671.0      568.0
     202.0      387.0
     856.0      696.0
     545.0      326.0
     300.0      143.0
     927.0      344.0
     422.0      456.0
     773.0      182.0
     272.0      492.0
     871.0      244.0
     582.0      265.0
     650.0      329.0
     293.0      655.0
     239.0      355.0
     896.0      626.0
    1015.0      688.0
     196.0      238.0
     746.0      204.0
     675.0      354.0
     968.0      343.0
     768.0      339.0
      77.0      495.0
     285.0      447.0
     761.0      477.0
     165.0      114.0
    1042.0      430.0
     812.0      365.0
    1016.0      617.0
     233.0      675.0
     449.0      539.0
     665.0      281.0
     447.0      453.0
     857.0      472.0
     881.0      444.0
     857.0      300.0
    1034.0      725.0
     525.0      480.0
