<?xml version="1.0"?>
<opencv_storage>
<coins type_id="opencv-matrix">
 <rows>500</rows>
 <cols>1</cols>
 <dt>"2f"</dt>
 <data>
     950.0      370.0
     662.0      321.0
     507.0      283.0
     423.0      418.0
    1255.0      675.0
     236.0      356.0
     552.0      848.0
     645.0      521.0
     657.0      843.0
     794.0      684.0
     329.0      495.0
    1232.0      302.0
    1248.0      536.0
     603.0      366.0
     260.0      298.0
     592.0      398.0
     289.0      512.0
     483.0      837.0
     582.0      767.0
    1032.0      755.0
    1237.0      599.0
    1049.0      790.0
    1070.0      551.0
     655.0      678.0
     700.0      592.0
    1260.0      520.0
    1176.0      622.0
     293.0      475.0
     305.0      303.0
     511.0      379.0
     469.0      643.0
     393.0      589.0
    1191.0      438.0
    1199.0      738.0
    1239.0      371.0
     975.0      726.0
     675.0      299.0
     488.0      515.0
    1103.0      305.0
     423.0      446.0
     515.0      525.0
     714.0      487.0
     715.0      578.0
    1183.0      290.0
     786.0      429.0
     258.0      554.0
     745.0      358.0
     806.0      251.0
     574.0      612.0
     358.0      410.0
     739.0      765.0
     788.0      554.0
     746.0      654.0
    1147.0      721.0
     502.0      577.0
     495.0      319.0
    1056.0      729.0
    1106.0      662.0
     848.0      701.0
    1090.0      655.0
     737.0      463.0
     318.0      712.0
     311.0      735.0
     347.0      428.0
     497.0      647.0
     950.0      279.0
    1095.0      279.0
     653.0      797.0
     629.0      844.0
     650.0      699.0
     481.0      347.0
     638.0      271.0
     887.0      635.0
     348.0      769.0
     283.0      333.0
     399.0      742.0
    1185.0      359.0
     847.0      520.0
    1220.0      453.0
    1120.0      827.0
     887.0      357.0
     358.0      830.0
    1167.0      342.0
    1110.0      578.0
     256.0      258.0
     652.0      548.0
     709.0      441.0
     506.0      349.0
    1137.0      443.0
    1225.0      521.0
     562.0      384.0
     935.0      663.0
     633.0      816.0
    1061.0      483.0
     704.0      375.0
     238.0      466.0
     339.0      208.0
     811.0      840.0
    1001.0      316.0
     462.0      582.0
     622.0      250.0
    1135.0      585.0
    1131.0      711.0
    1225.0      822.0
     902.0      757.0
     832.0      675.0
     826.0      404.0
     654.0      362.0
     753.0      622.0
    1048.0      649.0
     284.0      755.0
     930.0      569.0
     809.0      421.0
    1219.0      394.0
     511.0      676.0
     793.0      774.0
     769.0      493.0
     340.0      359.0
     596.0      242.0
     772.0      449.0
     765.0      250.0
    1180.0      456.0
     420.0      224.0
     512.0      599.0
    1059.0      462.0
     390.0      675.0
     682.0      263.0
     929.0      639.0
     730.0      436.0
     333.0      682.0
     669.0      521.0
    1098.0      829.0
     849.0      424.0
     382.0      764.0
    1044.0      269.0
     954.0      537.0
    1057.0      384.0
     699.0      689.0
     643.0      416.0
    1133.0      678.0
     311.0      265.0
     428.0      611.0
     353.0      576.0
    1008.0      300.0
    1037.0      508.0
     431.0      668.0
     791.0      750.0
    1178.0      644.0
     589.0      462.0
     588.0      670.0
     765.0      653.0
     927.0      615.0
    1175.0      828.0
    1153.0      459.0
     709.0      301.0
     763.0      840.0
     727.0      664.0
     879.0      747.0
    1154.0      326.0
    1036.0      337.0
     725.0      332.0
     449.0      350.0
     691.0      241.0
    1163.0      769.0
     664.0      566.0
     857.0      321.0
     274.0      777.0
     424.0      468.0
     719.0      270.0
     956.0      838.0
     434.0      756.0
     524.0      481.0
     458.0      847.0
     652.0      724.0
     453.0      406.0
    1114.0      434.0
     842.0      406.0
    1048.0      453.0
     957.0      514.0
     544.0      461.0
    1232.0      579.0
     425.0      519.0
    1017.0      280.0
     308.0      202.0
     316.0      427.0
     484.0      663.0
    1001.0      834.0
     564.0      306.0
     590.0      311.0
     444.0      263.0
     755.0      283.0
    1045.0      315.0
    1129.0      553.0
     837.0      435.0
     442.0      813.0
     890.0      652.0
    1074.0      695.0
     572.0      700.0
    1133.0      615.0
     922.0      502.0
    1057.0      830.0
    1083.0      829.0
    1007.0      777.0
     365.0      528.0
    1085.0      575.0
     451.0      474.0
     581.0      830.0
    1258.0      759.0
     309.0      810.0
    1011.0      346.0
     920.0      345.0
     625.0      657.0
    1216.0      336.0
     910.0      731.0
    1131.0      653.0
     737.0      841.0
     767.0      371.0
    1019.0      484.0
     298.0      840.0
     918.0      366.0
     281.0      613.0
     529.0      283.0
    1261.0      607.0
     469.0      379.0
     640.0      236.0
    1204.0      786.0
     907.0      595.0
     416.0      273.0
    1263.0      632.0
     864.0      462.0
     485.0      717.0
     763.0      563.0
    1018.0      506.0
    1085.0      438.0
     852.0      561.0
     983.0      440.0
     561.0      745.0
     430.0      564.0
     256.0      615.0
     392.0      291.0
     520.0      847.0
    1118.0      673.0
     815.0      440.0
     575.0      484.0
     649.0      347.0
    1247.0      478.0
     999.0      502.0
     678.0      674.0
    1136.0      346.0
     721.0      357.0
     905.0      835.0
     233.0      446.0
    1162.0      647.0
     618.0      791.0
     350.0      242.0
     838.0      838.0
     606.0      343.0
    1244.0      410.0
    1150.0      506.0
     899.0      463.0
     996.0      578.0
     980.0      571.0
    1106.0      511.0
     313.0      607.0
    1237.0      343.0
     631.0      320.0
    1228.0      357.0
     480.0      244.0
     375.0      518.0
     318.0      559.0
    1000.0      687.0
    1267.0      577.0
     585.0      636.0
     474.0      552.0
     753.0      447.0
     253.0      338.0
    1251.0      559.0
    1112.0      542.0
     833.0      382.0
     336.0      284.0
     793.0      589.0
    1251.0      590.0
     304.0      780.0
    1030.0      594.0
     963.0      420.0
     861.0      694.0
    1162.0      368.0
     994.0      552.0
    1267.0      690.0
     594.0      597.0
     876.0      789.0
    1182.0      500.0
    1245.0      798.0
     867.0      840.0
     927.0      534.0
     714.0      519.0
     454.0      215.0
     308.0      408.0
     419.0      833.0
     787.0      641.0
     226.0      234.0
     450.0      548.0
     277.0      817.0
     610.0      813.0
     672.0      738.0
    1066.0      766.0
     883.0      513.0
     544.0      599.0
     987.0      319.0
     900.0      515.0
     657.0      586.0
     511.0      443.0
     787.0      528.0
    1125.0      361.0
    1184.0      579.0
     645.0      384.0
    1240.0      777.0
     584.0      793.0
     371.0      390.0
    1090.0      675.0
     727.0      628.0
    1074.0      678.0
    1030.0      369.0
     683.0      709.0
     731.0      373.0
    1197.0      643.0
    1139.0      786.0
    1088.0      308.0
     997.0      358.0
     848.0      683.0
     769.0      327.0
    1036.0      637.0
    1155.0      304.0
     879.0      447.0
     555.0      365.0
     863.0      634.0
     929.0      734.0
     919.0      265.0
    1214.0      293.0
    1153.0      737.0
     286.0      698.0
     615.0      618.0
     289.0      555.0
     952.0      580.0
     905.0      800.0
     979.0      661.0
    1265.0      792.0
     299.0      371.0
     600.0      434.0
     858.0      258.0
     545.0      547.0
    1193.0      605.0
     376.0      656.0
    1067.0      570.0
     758.0      464.0
    1265.0      809.0
    1152.0      438.0
