<?xml version="1.0"?>
<opencv_storage>
<coins type_id="opencv-matrix">
 <rows>500</rows>
 <cols>1</cols>
 <dt>"2f"</dt>
 <data>
     843.0      276.0
     869.0      446.0
     860.0      266.0
     633.0      514.0
     414.0      637.0
     782.0      256.0
     722.0       64.0
     868.0      197.0
     627.0      433.0
     395.0      529.0
     893.0      457.0
     789.0      557.0
     812.0      549.0
     164.0      150.0
     624.0       39.0
     659.0       50.0
     243.0       58.0
     892.0      366.0
     819.0      124.0
     875.0      126.0
     840.0      297.0
       8.0       92.0
     811.0       34.0
     749.0       81.0
     423.0       46.0
     414.0      217.0
     427.0      316.0
     866.0      444.0
     785.0      363.0
     796.0      104.0
     640.0       53.0
     385.0       48.0
     471.0      394.0
     845.0      293.0
     825.0       19.0
     101.0      508.0
     133.0       88.0
     885.0      424.0
     882.0      269.0
     891.0      308.0
     284.0      497.0
     884.0      368.0
     779.0      348.0
     756.0      169.0
     344.0      183.0
     204.0      673.0
     860.0      342.0
     754.0      539.0
     623.0       53.0
     806.0      156.0
     846.0      396.0
     753.0       98.0
     862.0       35.0
     850.0      221.0
     823.0      552.0
     461.0      632.0
     901.0      532.0
     834.0      272.0
     776.0      331.0
     774.0      310.0
     563.0      397.0
     886.0      469.0
     744.0      445.0
     107.0       66.0
     389.0      185.0
     680.0       28.0
     790.0       22.0
     661.0       73.0
     754.0      527.0
     215.0      119.0
     860.0      415.0
     867.0      329.0
      67.0      333.0
     769.0      295.0
     881.0      284.0
     851.0      306.0
     473.0       45.0
     870.0      486.0
     530.0      149.0
     610.0      602.0
     665.0      588.0
     867.0      378.0
     590.0       31.0
     452.0      480.0
     864.0      410.0
     747.0      473.0
     867.0      173.0
     845.0       94.0
     422.0      638.0
     806.0      101.0
     903.0      503.0
     816.0      185.0
     817.0      221.0
     816.0      155.0
     843.0      161.0
     836.0      549.0
     828.0      149.0
     665.0      237.0
     861.0      295.0
     878.0      304.0
     291.0      266.0
     836.0      109.0
     456.0      468.0
     587.0      161.0
     857.0      242.0
     293.0       80.0
     873.0      387.0
     877.0      383.0
     269.0      666.0
     873.0      284.0
      89.0       85.0
     844.0      426.0
      44.0      142.0
     826.0      283.0
     344.0      173.0
     723.0       98.0
     761.0       76.0
     835.0      205.0
     596.0       31.0
     761.0       61.0
     861.0      446.0
     344.0      333.0
     757.0      134.0
     877.0      273.0
     813.0      556.0
     576.0      608.0
     719.0       58.0
     849.0      327.0
     134.0      172.0
     838.0      115.0
     727.0       22.0
     871.0      437.0
     818.0      210.0
     794.0      124.0
     636.0      492.0
      31.0      200.0
     751.0      136.0
     250.0       79.0
     246.0      669.0
     830.0       15.0
     879.0      517.0
     817.0       58.0
     613.0      447.0
     121.0      589.0
     885.0      434.0
     749.0      570.0
     849.0       41.0
     855.0      216.0
     291.0       60.0
     731.0       36.0
     879.0      531.0
     832.0       77.0
     632.0      444.0
     846.0      195.0
     371.0      650.0
     644.0       81.0
     488.0      249.0
     127.0       78.0
     885.0      446.0
     699.0       56.0
     544.0      614.0
     816.0      202.0
     685.0      435.0
     512.0      453.0
     864.0      136.0
     485.0       43.0
     281.0      645.0
     526.0       66.0
     397.0      542.0
     828.0      201.0
     651.0      591.0
     783.0      114.0
     747.0       38.0
     732.0       82.0
     170.0       54.0
     680.0       38.0
     874.0      378.0
     337.0      589.0
     867.0      413.0
     808.0      137.0
     651.0      573.0
     343.0      630.0
     847.0      125.0
     656.0      235.0
     152.0      101.0
      21.0      105.0
     877.0      250.0
     855.0      364.0
     862.0      451.0
     407.0      401.0
     642.0      529.0
     796.0      113.0
     669.0       21.0
     738.0       63.0
     147.0       85.0
     593.0      449.0
     715.0       85.0
     876.0      285.0
     120.0      124.0
     869.0      547.0
     576.0      312.0
     760.0      207.0
     263.0      115.0
     826.0      193.0
     467.0      613.0
     886.0      417.0
     781.0       70.0
     858.0      325.0
     902.0      508.0
     451.0      634.0
     878.0      317.0
     869.0      422.0
     863.0      141.0
     583.0      141.0
     869.0      453.0
     700.0      436.0
     871.0      463.0
     765.0       36.0
     875.0      320.0
     863.0      306.0
     854.0      229.0
     904.0      471.0
     875.0      410.0
     869.0      404.0
     705.0      172.0
     844.0      498.0
     462.0      322.0
     745.0      110.0
     770.0       91.0
     828.0       29.0
     881.0      510.0
     827.0      417.0
     696.0       46.0
     529.0      317.0
     879.0      292.0
     559.0      363.0
     853.0      360.0
     405.0      590.0
     693.0       64.0
     605.0      603.0
     533.0      614.0
      39.0       62.0
      90.0      433.0
     759.0       84.0
     777.0       27.0
     723.0      231.0
     847.0       58.0
     629.0      595.0
     201.0       60.0
     821.0      368.0
     890.0      495.0
     868.0      134.0
     178.0       90.0
     880.0      354.0
     856.0      105.0
     861.0      116.0
     691.0      101.0
     463.0      107.0
     814.0       73.0
     859.0      536.0
     719.0       32.0
     875.0      482.0
     859.0      398.0
     615.0      517.0
     715.0      260.0
     879.0      461.0
     870.0      253.0
     696.0      135.0
     229.0      335.0
     876.0      390.0
     873.0      440.0
     397.0      330.0
     389.0      112.0
     676.0       51.0
     225.0      671.0
     858.0      421.0
     858.0      496.0
     893.0      536.0
     900.0      438.0
     869.0      365.0
     756.0      148.0
     867.0      492.0
     848.0      339.0
     338.0      145.0
      81.0       67.0
     506.0      619.0
     877.0      235.0
     754.0      124.0
     567.0      312.0
     700.0      530.0
     539.0       43.0
     528.0      552.0
     298.0      566.0
     832.0       94.0
     842.0      193.0
     716.0      167.0
     713.0      240.0
     244.0      117.0
     217.0      672.0
     878.0      364.0
     124.0      597.0
     365.0      650.0
     623.0      596.0
     812.0      167.0
     685.0       25.0
     841.0       47.0
     780.0      292.0
     895.0      474.0
     849.0      403.0
     610.0       39.0
     592.0       45.0
     764.0      427.0
     856.0       38.0
     263.0       55.0
     772.0      102.0
     274.0      618.0
     355.0      332.0
     806.0       76.0
     244.0       89.0
     882.0      449.0
     885.0      359.0
     348.0      196.0
     209.0      184.0
     183.0       66.0
     774.0      141.0
     456.0      541.0
     774.0      357.0
     714.0      434.0
     879.0      408.0
     871.0      415.0
     802.0      106.0
     564.0       24.0
     737.0      571.0
     539.0      615.0
     837.0      211.0
     771.0       83.0
     130.0       64.0
     483.0      628.0
     808.0       81.0
     803.0       60.0
     806.0      270.0
     803.0       67.0
     656.0      509.0
     417.0       65.0
     855.0      183.0
     845.0      352.0
     729.0      367.0
     558.0      359.0
     850.0      151.0
     855.0      221.0
     749.0       60.0
     637.0      512.0
     739.0      435.0
     891.0      415.0
     653.0       28.0
     695.0       29.0
     322.0      636.0
