<?xml version="1.0"?>
<opencv_storage>
<coins type_id="opencv-matrix">
 <rows>500</rows>
 <cols>1</cols>
 <dt>"2f"</dt>
 <data>
    1027.0      494.0
     989.0      639.0
     508.0      581.0
      41.0      135.0
     409.0      721.0
     748.0      271.0
     563.0      640.0
     868.0      680.0
    1030.0      218.0
     565.0      358.0
     136.0      685.0
     884.0      306.0
     106.0      115.0
    1000.0      359.0
     456.0      127.0
     663.0      626.0
     126.0      524.0
     230.0      637.0
     877.0      645.0
     872.0      393.0
     245.0      200.0
     689.0      657.0
     264.0      317.0
     637.0      702.0
     935.0      195.0
      86.0      374.0
     938.0      219.0
     558.0      340.0
     638.0      180.0
     474.0      374.0
     611.0      737.0
     411.0      555.0
     808.0      276.0
      92.0      568.0
     721.0      735.0
     973.0      221.0
     879.0      556.0
    1048.0      221.0
    1068.0      424.0
     735.0      560.0
    1046.0      568.0
     903.0      233.0
     534.0      159.0
    1007.0      533.0
    1045.0      600.0
     651.0      412.0
     216.0      721.0
     296.0      140.0
     956.0      642.0
     280.0      411.0
     240.0      280.0
      75.0      486.0
     716.0      622.0
     122.0      164.0
     767.0      608.0
     996.0      666.0
     707.0      411.0
     636.0      724.0
     741.0      150.0
    1072.0      709.0
    1021.0      544.0
     994.0      311.0
    1074.0      547.0
      42.0      727.0
     991.0      412.0
     317.0      673.0
     530.0      496.0
     537.0      294.0
     346.0      652.0
    1015.0      595.0
     758.0      682.0
     221.0      368.0
     334.0      362.0
     147.0      183.0
     274.0      729.0
     972.0      604.0
    1059.0      241.0
     890.0      193.0
     741.0      232.0
     125.0      100.0
     824.0      682.0
    1040.0      405.0
     713.0      332.0
    1066.0      656.0
     575.0      474.0
     588.0      214.0
     914.0      193.0
     113.0      241.0
     200.0      276.0
     355.0      444.0
     405.0      427.0
     813.0      365.0
     188.0      424.0
     490.0      527.0
     987.0      513.0
     622.0      365.0
     405.0      398.0
     971.0      496.0
     557.0      567.0
      85.0      545.0
     320.0      695.0
     967.0      673.0
     924.0      429.0
     876.0      729.0
     176.0      735.0
     851.0      640.0
      30.0      349.0
    1027.0      420.0
     241.0      704.0
     450.0      484.0
     432.0      598.0
    1087.0      466.0
     521.0      666.0
    1031.0      199.0
     461.0      242.0
     905.0      622.0
     237.0      121.0
     941.0      456.0
      61.0      702.0
      52.0      101.0
     620.0      198.0
     770.0      228.0
     225.0      429.0
    1074.0      690.0
     656.0      707.0
     315.0      386.0
     566.0      716.0
     445.0      217.0
     732.0      289.0
     569.0      613.0
    1048.0      673.0
     302.0      501.0
     574.0      741.0
     467.0      414.0
     438.0      142.0
    1036.0      703.0
     257.0      160.0
    1055.0      489.0
     843.0      269.0
     688.0      361.0
      68.0      159.0
     787.0      236.0
     144.0      540.0
     186.0      678.0
     416.0      153.0
     169.0      527.0
     429.0      531.0
     113.0      615.0
     395.0      694.0
     474.0      328.0
     403.0      206.0
     452.0      311.0
     171.0      422.0
     671.0      209.0
     753.0      349.0
     578.0      170.0
    1032.0      270.0
     667.0      662.0
     833.0      729.0
     165.0      141.0
     405.0      230.0
     147.0      407.0
     265.0      436.0
     290.0      244.0
     621.0      313.0
     557.0      290.0
     784.0      191.0
     265.0      384.0
     682.0      531.0
    1009.0      685.0
     221.0      347.0
     116.0      592.0
     517.0      233.0
     863.0      247.0
     621.0      547.0
     389.0      359.0
     622.0      657.0
     112.0      725.0
     101.0      510.0
     655.0      589.0
    1032.0      345.0
    1082.0      407.0
     191.0      702.0
     937.0      685.0
     165.0      349.0
     333.0      379.0
      68.0      518.0
     465.0      257.0
     707.0      668.0
     736.0      592.0
    1045.0      259.0
     225.0      319.0
     159.0      688.0
     374.0      481.0
     661.0      689.0
     493.0      367.0
     537.0      551.0
     975.0      729.0
     432.0      250.0
     572.0      386.0
     760.0      202.0
     328.0      529.0
     816.0      318.0
     493.0      169.0
    1020.0      469.0
      55.0      359.0
     220.0      492.0
     741.0      734.0
     919.0      406.0
    1051.0      319.0
     856.0      538.0
     848.0      680.0
     971.0      275.0
     316.0      465.0
     769.0      715.0
      35.0      370.0
     512.0      732.0
     531.0      608.0
     183.0      462.0
     225.0      594.0
     101.0      666.0
    1106.0      185.0
     518.0      142.0
     425.0      501.0
     201.0      659.0
     696.0      610.0
     253.0      591.0
      81.0      414.0
     833.0      228.0
     787.0      154.0
     416.0      322.0
     420.0      625.0
    1067.0      185.0
     626.0      573.0
     873.0      282.0
     453.0      277.0
     114.0      704.0
     649.0      742.0
     385.0      307.0
     516.0      335.0
     365.0      563.0
    1014.0      724.0
      88.0      590.0
     222.0      158.0
     332.0      509.0
     649.0      162.0
    1038.0      512.0
      35.0      190.0
     723.0      363.0
     236.0      550.0
    1047.0      433.0
    1078.0      497.0
     627.0      679.0
     693.0      257.0
    1083.0      332.0
     654.0      296.0
     250.0      414.0
     527.0      197.0
     586.0      249.0
      89.0      262.0
     829.0      398.0
     992.0      566.0
     489.0      676.0
     512.0      472.0
     485.0      390.0
     188.0      119.0
    1058.0      205.0
     121.0      399.0
     790.0      685.0
     378.0      606.0
     309.0      422.0
     945.0      182.0
     518.0      594.0
     102.0      287.0
     252.0      730.0
     228.0      755.0
     690.0      549.0
     515.0      314.0
     637.0      295.0
     582.0      138.0
    1022.0      671.0
     341.0      282.0
     402.0      750.0
     598.0      594.0
     157.0      109.0
     624.0      332.0
     998.0      231.0
     410.0      659.0
     319.0      275.0
     285.0      710.0
     734.0      408.0
    1060.0      518.0
      96.0      354.0
     431.0      719.0
      83.0      631.0
     112.0      460.0
     273.0      131.0
     678.0      240.0
     139.0      233.0
    1043.0      299.0
     456.0      732.0
     681.0      152.0
     729.0      208.0
     306.0      216.0
    1073.0      295.0
     994.0      193.0
     620.0      239.0
     561.0      439.0
     933.0      274.0
     174.0      590.0
     576.0      405.0
     755.0      463.0
    1047.0      281.0
     410.0      465.0
     165.0      658.0
     291.0      756.0
    1092.0      428.0
     397.0      590.0
     369.0      745.0
     974.0      324.0
     457.0      504.0
     498.0      408.0
     803.0      165.0
     636.0      395.0
     940.0      312.0
     334.0      236.0
     441.0      415.0
     590.0      487.0
     857.0      204.0
     641.0      580.0
     450.0      453.0
     647.0      328.0
     665.0      393.0
    1000.0      458.0
     249.0      482.0
      61.0      239.0
     620.0      441.0
     677.0      569.0
     208.0      627.0
     707.0      224.0
     630.0      608.0
     559.0      311.0
     445.0      367.0
     324.0      756.0
     262.0      642.0
     913.0      264.0
     501.0      286.0
     452.0      160.0
     757.0      163.0
      40.0      259.0
     283.0      451.0
    1061.0      584.0
     129.0      442.0
     636.0      427.0
     381.0      660.0
     142.0      658.0
      38.0      577.0
