<?xml version="1.0"?>
<opencv_storage>
<coins type_id="opencv-matrix">
 <rows>500</rows>
 <cols>1</cols>
 <dt>"2f"</dt>
 <data>
    1046.0       99.0
     273.0      540.0
     504.0      236.0
    1159.0      358.0
    1002.0       94.0
     644.0      276.0
     306.0      108.0
     162.0      764.0
     435.0      606.0
    1027.0      241.0
    1101.0       84.0
     489.0      500.0
     819.0      163.0
     478.0       42.0
     893.0      481.0
     377.0      135.0
     649.0       50.0
     629.0      325.0
     931.0      623.0
     393.0      520.0
    1065.0      488.0
     541.0      743.0
     879.0       52.0
     774.0      690.0
     572.0      486.0
     338.0      351.0
     655.0      484.0
     416.0      585.0
     797.0      582.0
     361.0      491.0
     360.0      431.0
    1186.0      220.0
    1025.0      601.0
     698.0      401.0
     446.0      250.0
     698.0      278.0
     972.0      753.0
    1049.0      313.0
     866.0      211.0
     294.0      142.0
     327.0      240.0
    1133.0      539.0
     466.0      510.0
     355.0      699.0
     988.0      370.0
     932.0       45.0
     755.0      219.0
     554.0      136.0
     695.0      171.0
    1088.0      471.0
     952.0      298.0
     746.0      490.0
    1165.0      268.0
    1063.0      207.0
     962.0      636.0
     209.0      802.0
     739.0      647.0
    1147.0      251.0
     506.0      103.0
     753.0      131.0
     827.0      704.0
     979.0      144.0
     784.0      167.0
     773.0      600.0
     699.0      769.0
     583.0      219.0
     441.0      508.0
     156.0      600.0
     348.0       98.0
    1207.0      362.0
    1062.0      521.0
     425.0      123.0
     536.0      196.0
     413.0      330.0
     949.0      228.0
     750.0      403.0
     740.0      374.0
    1146.0      444.0
     978.0      617.0
    1045.0      179.0
    1026.0      703.0
     507.0      122.0
    1094.0      608.0
     533.0      426.0
     312.0      278.0
     345.0      778.0
    1105.0      569.0
    1013.0      560.0
    1005.0      126.0
     536.0      603.0
     829.0       82.0
     944.0      756.0
     469.0       84.0
     168.0      725.0
     681.0      112.0
     711.0      438.0
     270.0      520.0
     933.0       63.0
     325.0      157.0
     422.0      416.0
     522.0      138.0
    1094.0      226.0
     570.0      496.0
     585.0      177.0
    1100.0      387.0
     627.0      265.0
     964.0      196.0
     680.0      632.0
     244.0      800.0
    1181.0      309.0
    1155.0      630.0
    1010.0      640.0
    1058.0      717.0
     788.0      198.0
    1032.0      569.0
    1155.0       41.0
    1209.0      384.0
    1119.0      366.0
     873.0      126.0
     816.0      566.0
     909.0      131.0
     483.0       66.0
     388.0      337.0
     939.0      648.0
    1008.0      389.0
    1124.0      224.0
     539.0      290.0
     594.0      383.0
     485.0      284.0
     525.0      251.0
     421.0       92.0
     310.0       49.0
     721.0      271.0
     396.0      428.0
     958.0       66.0
     413.0      543.0
    1018.0      685.0
     238.0      535.0
     597.0      506.0
     709.0      617.0
     159.0      694.0
     765.0      191.0
     287.0      321.0
     381.0      308.0
     780.0      777.0
     330.0      276.0
     354.0      516.0
     322.0      214.0
     421.0      228.0
     797.0      561.0
    1037.0      342.0
     555.0      330.0
    1110.0       57.0
     445.0      212.0
    1058.0      696.0
     463.0      259.0
    1184.0      103.0
     695.0      505.0
     288.0      271.0
    1125.0      183.0
    1122.0      674.0
     869.0      178.0
     807.0      761.0
    1084.0      676.0
     490.0      143.0
     471.0      329.0
     561.0      359.0
     452.0      485.0
    1075.0      618.0
    1029.0      503.0
     301.0      489.0
     788.0      121.0
     955.0      740.0
    1204.0      269.0
     717.0       63.0
     945.0      248.0
    1106.0      536.0
     875.0      321.0
    1070.0      305.0
     288.0      419.0
     398.0       81.0
     397.0      189.0
     938.0      717.0
     838.0      204.0
     776.0      510.0
     582.0      357.0
    1079.0      245.0
     951.0      141.0
     300.0      258.0
     948.0      172.0
     881.0      417.0
    1143.0      170.0
    1080.0      399.0
    1083.0      512.0
     158.0      649.0
     392.0      777.0
     509.0      797.0
     437.0      398.0
    1084.0      454.0
    1133.0      591.0
     623.0      158.0
     980.0      583.0
    1168.0      381.0
     597.0      332.0
     907.0      350.0
     305.0      310.0
     896.0      505.0
     780.0       69.0
     506.0      338.0
     756.0      102.0
     973.0      110.0
     529.0       97.0
    1162.0       63.0
     377.0      705.0
     716.0      312.0
    1040.0      531.0
    1127.0      641.0
     715.0      107.0
     907.0       46.0
     604.0      367.0
     910.0      234.0
     689.0      546.0
    1200.0      198.0
     568.0      193.0
     340.0      485.0
     487.0      192.0
     801.0      705.0
     408.0      485.0
     891.0      366.0
    1121.0      727.0
     610.0      416.0
     324.0      190.0
     279.0      497.0
     803.0      496.0
     997.0      255.0
     491.0      406.0
     615.0      116.0
     251.0      512.0
     541.0       50.0
     440.0       73.0
     412.0      250.0
     600.0      435.0
     478.0      116.0
     925.0      674.0
     239.0      499.0
     303.0      451.0
     711.0      462.0
     487.0      800.0
     358.0      318.0
     300.0      340.0
     327.0      505.0
    1188.0      252.0
    1082.0      366.0
    1045.0      408.0
    1098.0       42.0
     439.0      156.0
    1052.0      133.0
    1111.0      115.0
     982.0      711.0
     699.0      550.0
     587.0      455.0
     159.0      674.0
     415.0      189.0
    1109.0      746.0
     722.0      177.0
     298.0      421.0
     933.0      292.0
     641.0      496.0
     766.0      576.0
    1177.0      346.0
    1080.0      129.0
    1207.0      416.0
     957.0      427.0
     307.0      236.0
    1049.0      587.0
     417.0      509.0
    1084.0      567.0
     826.0      678.0
     675.0      188.0
    1154.0      529.0
     669.0      301.0
    1079.0      423.0
     365.0      389.0
     353.0      760.0
     743.0      724.0
     845.0      148.0
     823.0      229.0
     841.0      127.0
    1111.0      344.0
     453.0      587.0
     532.0      397.0
     333.0       57.0
     935.0      106.0
    1040.0      615.0
     464.0      303.0
    1142.0      752.0
     464.0      416.0
    1146.0      712.0
     551.0      442.0
     931.0      551.0
     897.0      288.0
     668.0       50.0
     369.0      232.0
     941.0      319.0
     739.0      534.0
    1040.0      203.0
     503.0       55.0
     981.0      543.0
     645.0      340.0
     857.0       47.0
    1029.0       81.0
    1132.0      324.0
     991.0      299.0
     396.0      127.0
     369.0      778.0
     284.0      125.0
     376.0      737.0
    1051.0      251.0
     279.0      182.0
     668.0      146.0
     753.0      626.0
     703.0      485.0
     955.0      521.0
     430.0      315.0
     491.0      483.0
     326.0      413.0
     738.0      597.0
     319.0      766.0
     621.0      499.0
     630.0      204.0
    1121.0      309.0
     983.0      173.0
     502.0      458.0
     736.0      115.0
    1012.0      175.0
     855.0      484.0
     689.0      320.0
    1016.0      332.0
     447.0      799.0
    1116.0      470.0
     892.0      192.0
    1120.0      605.0
     593.0      141.0
    1106.0      258.0
     503.0      583.0
     486.0      375.0
     757.0      763.0
     570.0      422.0
     542.0      501.0
     707.0      713.0
    1061.0       76.0
     467.0      149.0
     332.0      116.0
    1095.0      657.0
     895.0      438.0
    1023.0      136.0
     536.0      694.0
