<?xml version="1.0"?>
<opencv_storage>
<coins type_id="opencv-matrix">
 <rows>500</rows>
 <cols>1</cols>
 <dt>"2f"</dt>
 <data>
      32.0      111.0
     830.0      357.0
     106.0      653.0
     547.0      623.0
     425.0      646.0
     349.0      401.0
     187.0       64.0
     303.0       17.0
     692.0      476.0
     100.0       95.0
     356.0      125.0
      64.0       79.0
     138.0       41.0
      59.0      465.0
      27.0      561.0
      95.0      227.0
     436.0      363.0
     437.0      377.0
     814.0      450.0
     454.0      602.0
     978.0      438.0
    1027.0      600.0
     596.0      289.0
     541.0      595.0
     630.0      586.0
     630.0      396.0
     463.0      526.0
    1003.0      527.0
     569.0      475.0
     135.0      311.0
      45.0       68.0
     902.0      530.0
     361.0      295.0
     755.0      246.0
     334.0      281.0
     265.0      371.0
     471.0       71.0
     100.0      258.0
     535.0      497.0
     354.0      570.0
     465.0      305.0
    1020.0      458.0
     605.0      276.0
      97.0       57.0
     705.0      448.0
     131.0      324.0
     195.0       41.0
     195.0      360.0
     466.0      412.0
     380.0       60.0
     166.0      439.0
     663.0      193.0
     397.0      496.0
     485.0      412.0
     213.0      513.0
     167.0      353.0
     902.0      444.0
     184.0      605.0
     931.0      271.0
     552.0      597.0
     941.0      144.0
     966.0      267.0
     941.0      150.0
     741.0      402.0
    1052.0      591.0
     852.0      632.0
     399.0      327.0
     720.0       90.0
     611.0      177.0
    1015.0      496.0
     201.0      444.0
     877.0      241.0
     450.0      401.0
     344.0      612.0
    1004.0      375.0
     268.0      606.0
     839.0       99.0
     310.0      399.0
    1027.0      493.0
     439.0      195.0
     960.0      271.0
     683.0      642.0
     548.0      213.0
     590.0      161.0
     734.0      268.0
     779.0      375.0
     853.0       93.0
     174.0      592.0
     870.0      182.0
     990.0      372.0
     747.0       91.0
     318.0      613.0
    1037.0      518.0
     975.0      253.0
     949.0      243.0
     291.0      513.0
     247.0      106.0
    1038.0      602.0
     977.0      201.0
     217.0      552.0
     172.0      635.0
     701.0      520.0
     527.0      530.0
     148.0      650.0
     476.0      649.0
      51.0      134.0
     350.0      645.0
     947.0      141.0
     453.0      389.0
     183.0      653.0
     671.0      242.0
     149.0      646.0
     803.0      239.0
     636.0      167.0
     174.0      424.0
     987.0      328.0
     364.0      458.0
     282.0      385.0
     959.0      468.0
     895.0      149.0
    1007.0      412.0
     110.0      426.0
     917.0      129.0
     237.0      251.0
      85.0      329.0
     126.0      399.0
     673.0      510.0
     974.0      248.0
     221.0      375.0
     102.0      563.0
     820.0      538.0
     135.0      258.0
     986.0      287.0
     608.0      110.0
    1015.0      437.0
     905.0      268.0
     667.0      321.0
     879.0      324.0
      53.0      509.0
      33.0      434.0
     762.0      639.0
     697.0       84.0
     174.0      639.0
     826.0      587.0
    1028.0      457.0
     989.0      217.0
      43.0      550.0
     978.0      296.0
    1020.0      458.0
     179.0      496.0
     823.0      583.0
     928.0      156.0
     412.0       97.0
     503.0      397.0
    1022.0      509.0
     449.0      366.0
     670.0       84.0
     635.0       74.0
     983.0      381.0
     912.0       92.0
    1023.0      400.0
     884.0      421.0
     540.0       64.0
     118.0      647.0
    1053.0      618.0
     996.0      369.0
     656.0      158.0
     744.0      465.0
     883.0      444.0
     116.0      622.0
     265.0      616.0
     577.0       72.0
     870.0       90.0
     180.0      645.0
     478.0      611.0
     934.0      130.0
     916.0      112.0
     944.0      234.0
     497.0      396.0
     716.0      175.0
    1010.0      376.0
     789.0      446.0
     689.0      641.0
     414.0      383.0
     759.0      637.0
     670.0      458.0
    1024.0      474.0
     607.0       54.0
     876.0      284.0
     595.0      396.0
     455.0      455.0
     978.0      252.0
     685.0      101.0
     187.0      459.0
     430.0      102.0
     983.0      263.0
     436.0      650.0
    1056.0      593.0
     249.0      367.0
     156.0      533.0
     379.0      534.0
     745.0      493.0
     413.0       39.0
     215.0      350.0
     151.0      645.0
    1035.0      591.0
    1006.0      395.0
     943.0       97.0
     767.0      172.0
    1002.0      362.0
     974.0      327.0
     962.0      134.0
     877.0      261.0
     216.0      653.0
     996.0      372.0
      37.0      585.0
     812.0      517.0
     220.0      523.0
     316.0      592.0
     983.0      319.0
     740.0      387.0
     817.0      502.0
     894.0      305.0
     940.0      160.0
     121.0      365.0
     949.0      227.0
     732.0       74.0
    1034.0      600.0
      86.0      505.0
     322.0      561.0
     954.0      441.0
     219.0      608.0
     261.0      484.0
     946.0      629.0
     644.0      644.0
     788.0       76.0
     787.0      376.0
     343.0      595.0
     874.0      515.0
     971.0      269.0
     718.0      179.0
     165.0      515.0
     287.0      638.0
     997.0      301.0
     922.0       96.0
     118.0      306.0
     850.0      104.0
     713.0      639.0
     996.0      406.0
     866.0      632.0
     976.0      297.0
     981.0      354.0
     948.0      124.0
     968.0      300.0
     831.0       79.0
     931.0      158.0
     954.0      217.0
     147.0      422.0
     794.0       91.0
     174.0      515.0
     954.0      277.0
     906.0      513.0
     364.0      651.0
     555.0      643.0
     122.0      591.0
     752.0      101.0
     601.0      644.0
     975.0      225.0
     230.0      634.0
     515.0       69.0
     550.0       98.0
     814.0       96.0
     891.0      517.0
     723.0       77.0
     116.0      221.0
     954.0      209.0
     712.0       60.0
     891.0      518.0
     381.0      509.0
     147.0      628.0
     926.0      152.0
    1014.0      448.0
    1023.0      505.0
    1039.0      610.0
    1051.0      596.0
    1008.0      405.0
     289.0      481.0
     627.0       88.0
     153.0      360.0
     870.0      585.0
     887.0      457.0
     497.0      129.0
    1035.0      466.0
    1048.0      560.0
     917.0      106.0
    1047.0      537.0
     693.0      520.0
     914.0      168.0
     894.0      240.0
     961.0      272.0
     449.0      387.0
    1008.0      383.0
     999.0      386.0
     235.0      517.0
     745.0      108.0
     972.0      165.0
     812.0      387.0
     450.0      309.0
     683.0      641.0
     628.0       61.0
     877.0      514.0
     588.0      643.0
     893.0      514.0
      49.0      420.0
     511.0       93.0
     113.0      397.0
     337.0       53.0
     627.0       57.0
     525.0      218.0
     981.0      224.0
     718.0      176.0
    1012.0      441.0
     970.0      203.0
     744.0      146.0
     746.0      540.0
     411.0      491.0
     593.0      295.0
     948.0      241.0
    1020.0      439.0
    1042.0      620.0
    1045.0      528.0
     424.0      610.0
     890.0      507.0
     592.0      341.0
     236.0      510.0
     720.0      590.0
     998.0      320.0
     999.0      327.0
     899.0      156.0
     168.0      638.0
     139.0      651.0
    1010.0      451.0
     353.0      650.0
     118.0      222.0
     706.0      638.0
     527.0      567.0
     593.0      137.0
     721.0       73.0
     961.0      237.0
     605.0       63.0
     213.0      603.0
    1018.0      508.0
     766.0      175.0
     559.0      383.0
     957.0      220.0
    1022.0      450.0
     196.0      564.0
