<?xml version="1.0"?>
<opencv_storage>
<coins type_id="opencv-matrix">
 <rows>500</rows>
 <cols>1</cols>
 <dt>"2f"</dt>
 <data>
     540.0       33.0
     584.0      568.0
     657.0      509.0
     530.0       64.0
     665.0      335.0
     555.0      156.0
     917.0      354.0
     387.0      647.0
     440.0      431.0
     794.0      514.0
     316.0      431.0
     309.0      375.0
     208.0      616.0
     661.0      381.0
    1035.0      609.0
     719.0      274.0
     130.0      252.0
     513.0      250.0
     296.0      515.0
     812.0      417.0
     985.0      419.0
     529.0       83.0
     258.0      643.0
     875.0      417.0
     741.0      539.0
     823.0      577.0
     972.0      119.0
     699.0      283.0
    1025.0      624.0
     884.0      172.0
     239.0      639.0
     322.0      270.0
     610.0       81.0
     317.0      595.0
     805.0      478.0
     887.0      632.0
     747.0       91.0
     890.0      368.0
     970.0      134.0
     669.0       81.0
    1048.0      526.0
     946.0      126.0
     681.0      182.0
      85.0      590.0
     855.0      126.0
     880.0      327.0
     558.0      285.0
     873.0      549.0
     899.0      117.0
     873.0      113.0
     782.0       71.0
      79.0      326.0
     824.0      205.0
     113.0      354.0
     104.0      589.0
     736.0      320.0
     852.0      550.0
     433.0      321.0
     883.0      192.0
      50.0      581.0
     905.0      512.0
     295.0      471.0
     781.0      145.0
     126.0      516.0
     727.0      563.0
     188.0      442.0
     930.0      169.0
     689.0      107.0
     498.0      224.0
     693.0      265.0
     703.0      532.0
     965.0      250.0
     839.0      242.0
     986.0      389.0
     185.0      528.0
     810.0       96.0
     464.0      301.0
     367.0      271.0
     865.0      139.0
     679.0      527.0
     450.0      309.0
     908.0      343.0
     153.0      529.0
     815.0      388.0
     864.0      515.0
     452.0       96.0
     685.0      400.0
     808.0       73.0
     924.0      142.0
     405.0      553.0
     901.0      445.0
     668.0      477.0
     455.0      594.0
     825.0      421.0
      29.0        2.0
     888.0      575.0
     217.0      635.0
     221.0      501.0
     812.0      142.0
      83.0      637.0
     983.0      340.0
     565.0      127.0
     792.0      258.0
     672.0      646.0
     444.0      599.0
     484.0      633.0
      31.0      139.0
     478.0      358.0
     797.0      490.0
     978.0      633.0
     558.0      386.0
    1058.0      583.0
     148.0      614.0
     707.0      150.0
     645.0       85.0
    1028.0      441.0
    1025.0      410.0
     390.0        3.0
     685.0      250.0
     383.0      604.0
     812.0      251.0
     977.0      203.0
     656.0       66.0
     598.0      643.0
     594.0      268.0
     800.0      106.0
     813.0      474.0
     931.0      466.0
     749.0      489.0
     961.0      224.0
     875.0      569.0
     877.0      149.0
     826.0      587.0
     671.0      250.0
     372.0      655.0
     861.0      384.0
     617.0      507.0
     429.0      547.0
     764.0      378.0
     170.0      559.0
      94.0      621.0
     444.0      553.0
     618.0       71.0
     864.0      238.0
    1008.0      383.0
     672.0      323.0
     577.0      526.0
      52.0      613.0
     348.0      289.0
     768.0       94.0
     923.0      307.0
     981.0      365.0
     761.0      453.0
     646.0      471.0
     749.0      558.0
     402.0       57.0
     911.0      184.0
     954.0      260.0
      69.0      121.0
     109.0      289.0
     976.0      222.0
     807.0      490.0
     158.0      389.0
      62.0      443.0
     347.0       99.0
     755.0      112.0
     929.0      247.0
     617.0      471.0
     926.0      455.0
     807.0      638.0
     470.0      517.0
     152.0      564.0
     518.0      514.0
      36.0      416.0
     919.0      106.0
     488.0       96.0
     710.0      520.0
    1063.0      610.0
      93.0      652.0
     204.0      462.0
     849.0      390.0
     552.0      108.0
     880.0       88.0
     861.0      402.0
     338.0      655.0
     557.0      532.0
     750.0      447.0
     921.0      367.0
     321.0      653.0
     859.0      522.0
     923.0      158.0
     940.0      305.0
     160.0      258.0
     998.0      320.0
     418.0      630.0
     988.0      199.0
     642.0      335.0
     766.0      175.0
    1024.0      527.0
     546.0      571.0
     225.0      529.0
     935.0      133.0
     647.0      517.0
     666.0      302.0
     916.0      333.0
     394.0      618.0
     908.0      479.0
     783.0      223.0
      32.0      538.0
     403.0      261.0
     465.0       26.0
     294.0      646.0
      32.0      569.0
    1039.0      601.0
     691.0      535.0
     127.0      372.0
    1012.0      420.0
     592.0      544.0
     952.0      470.0
     817.0      403.0
     642.0      108.0
     658.0      495.0
     538.0      594.0
     938.0      482.0
     602.0       65.0
     399.0      585.0
     900.0      199.0
     570.0      592.0
     163.0      633.0
     352.0      538.0
     533.0      304.0
     571.0      219.0
    1047.0      590.0
     981.0      232.0
     234.0      655.0
     676.0       53.0
     699.0      243.0
     701.0      405.0
     958.0      442.0
     816.0      377.0
     743.0      355.0
     971.0      271.0
     730.0      132.0
     855.0      413.0
     248.0      375.0
     645.0      503.0
    1028.0      483.0
     458.0      468.0
     856.0      156.0
     176.0      610.0
     881.0      358.0
     739.0      568.0
     937.0      153.0
     927.0      342.0
      49.0      646.0
     988.0      408.0
     183.0      543.0
     286.0      383.0
     980.0      322.0
     874.0      405.0
     656.0      339.0
     957.0      485.0
     761.0      637.0
     804.0      451.0
      72.0      177.0
     160.0      345.0
     954.0      341.0
     793.0      211.0
     390.0      205.0
     747.0      534.0
     352.0      484.0
     590.0       37.0
     342.0      608.0
     831.0      405.0
     703.0      589.0
     805.0      329.0
     902.0      632.0
     984.0      289.0
     529.0      187.0
     659.0      243.0
      10.0      619.0
     848.0      636.0
     896.0      467.0
     996.0      459.0
     372.0       87.0
     970.0      327.0
    1006.0      333.0
     890.0      518.0
     142.0      142.0
     645.0       94.0
     604.0      338.0
     266.0      615.0
     938.0      631.0
     994.0      398.0
     706.0      550.0
     905.0       94.0
     423.0      651.0
    1005.0      371.0
     830.0      576.0
     478.0       60.0
     407.0      535.0
     625.0      357.0
    1036.0      624.0
     787.0      310.0
     117.0      638.0
     855.0      567.0
     994.0      285.0
    1039.0      569.0
     526.0      472.0
    1027.0      472.0
     983.0      376.0
     610.0      133.0
     671.0      493.0
     597.0      380.0
     980.0      248.0
     837.0      560.0
    1029.0      461.0
     378.0      620.0
     224.0      340.0
     149.0      295.0
     481.0      478.0
     870.0      171.0
     851.0      428.0
     710.0      180.0
      99.0      576.0
      71.0      618.0
     695.0      570.0
     682.0      549.0
     984.0      399.0
     625.0      485.0
     473.0      178.0
    1004.0      268.0
     527.0      530.0
     960.0      133.0
     832.0      102.0
     930.0      488.0
     995.0      214.0
     642.0      647.0
     580.0      435.0
     714.0      565.0
    1023.0      581.0
     685.0      412.0
     539.0      451.0
     707.0      392.0
     771.0      115.0
     492.0      371.0
     890.0      560.0
     532.0      649.0
     175.0      281.0
     941.0      465.0
     414.0      302.0
     616.0       40.0
     458.0      494.0
     937.0       87.0
     696.0      180.0
     723.0       76.0
     937.0      291.0
