<?xml version="1.0"?>
<opencv_storage>
<coins type_id="opencv-matrix">
 <rows>500</rows>
 <cols>1</cols>
 <dt>"2f"</dt>
 <data>
     320.0      731.0
    1013.0      108.0
     332.0      391.0
    1301.0       65.0
     950.0      374.0
     540.0      521.0
     372.0      100.0
     435.0      492.0
     732.0      524.0
     867.0      502.0
     298.0      408.0
     555.0      430.0
     756.0      627.0
     214.0      143.0
    1244.0      288.0
     893.0      801.0
     215.0      259.0
     386.0      181.0
     681.0       36.0
     687.0      586.0
     664.0      624.0
     180.0      305.0
     943.0       51.0
     814.0      159.0
     276.0      649.0
     414.0      464.0
    1293.0      705.0
     337.0       54.0
     203.0      532.0
     210.0      377.0
     203.0       97.0
     884.0      638.0
    1257.0      580.0
     482.0      684.0
    1199.0       21.0
     673.0      121.0
     851.0      243.0
    1004.0      199.0
     484.0      466.0
    1083.0      252.0
     192.0      146.0
     344.0      593.0
     497.0      433.0
     223.0      298.0
     967.0      790.0
     512.0      337.0
     398.0      765.0
     919.0      138.0
     400.0      659.0
     377.0      158.0
     981.0      702.0
    1357.0      225.0
     587.0      144.0
     748.0      691.0
     834.0      360.0
     651.0      519.0
     283.0       86.0
     410.0      134.0
     950.0      307.0
     344.0      630.0
     543.0       60.0
     344.0      675.0
     349.0      267.0
    1311.0      464.0
    1349.0      132.0
     686.0      239.0
     558.0       73.0
    1008.0      829.0
    1031.0      627.0
     839.0      693.0
     351.0      334.0
     263.0      409.0
     556.0      496.0
     604.0      512.0
     453.0      210.0
     774.0       44.0
     991.0      655.0
     200.0      179.0
    1002.0      371.0
     844.0      572.0
    1074.0      374.0
    1356.0      556.0
     585.0      272.0
     953.0      403.0
     373.0       25.0
     305.0      223.0
     645.0       19.0
    1240.0      704.0
     333.0      538.0
     359.0      657.0
     844.0       61.0
     525.0      396.0
     196.0       16.0
     276.0       34.0
     920.0       14.0
     464.0      426.0
     637.0      455.0
     319.0      517.0
     906.0      114.0
     913.0      443.0
     314.0      439.0
    1081.0      341.0
    1325.0      638.0
     763.0      187.0
     914.0      243.0
     323.0      384.0
     369.0       76.0
    1325.0      497.0
    1295.0       83.0
     819.0      194.0
     869.0      453.0
     882.0      493.0
     310.0      491.0
     550.0      603.0
     479.0      526.0
     729.0      659.0
     432.0      336.0
    1155.0      144.0
    1061.0      141.0
     525.0      488.0
     424.0      812.0
     548.0       16.0
     335.0       74.0
    1314.0      245.0
      86.0      374.0
     345.0      150.0
     210.0       71.0
     442.0      339.0
     407.0      138.0
     476.0      377.0
    1104.0      280.0
     535.0       24.0
     336.0      800.0
    1302.0      760.0
     724.0      371.0
    1295.0      669.0
     711.0      821.0
     589.0      406.0
     292.0      371.0
     405.0      478.0
     553.0      519.0
     667.0      709.0
     470.0       55.0
    1306.0      278.0
     686.0      661.0
     701.0      447.0
     923.0      303.0
     895.0      451.0
    1090.0      217.0
     554.0      559.0
     987.0      258.0
     527.0      156.0
     435.0      382.0
     555.0      732.0
     286.0       59.0
     528.0      318.0
     335.0      165.0
     683.0      415.0
     246.0      348.0
     481.0      577.0
    1092.0      186.0
     358.0      243.0
     947.0      722.0
     353.0      384.0
     784.0      798.0
     448.0      104.0
     541.0      706.0
     241.0      269.0
     834.0      826.0
     434.0      459.0
     283.0      317.0
     455.0      624.0
    1125.0      434.0
    1099.0       68.0
    1148.0      328.0
     753.0      519.0
    1011.0      567.0
     591.0      494.0
    1289.0      214.0
     423.0      509.0
     305.0      288.0
     393.0      357.0
     328.0       76.0
    1018.0      687.0
     831.0      216.0
     118.0       82.0
     394.0       32.0
     595.0      434.0
     573.0      601.0
     503.0      582.0
     463.0       75.0
    1359.0      596.0
     317.0      634.0
     321.0      268.0
     529.0       42.0
     651.0      798.0
     800.0      820.0
     706.0      613.0
     711.0      470.0
     289.0      490.0
    1359.0      724.0
     407.0      504.0
     868.0      287.0
     646.0      595.0
     385.0      465.0
     277.0      382.0
    1005.0      175.0
     573.0      320.0
     391.0      111.0
     527.0       28.0
     982.0       93.0
    1132.0      194.0
     438.0      789.0
     875.0      537.0
     860.0      310.0
     954.0      610.0
     866.0      609.0
     283.0      510.0
     443.0      530.0
     626.0      575.0
     862.0      140.0
     281.0      613.0
     373.0      318.0
     750.0      475.0
     550.0       96.0
     801.0      251.0
     296.0      679.0
     929.0      752.0
    1203.0      103.0
     733.0      409.0
     336.0      228.0
     570.0      515.0
     534.0      802.0
     867.0      415.0
     951.0      185.0
     245.0      481.0
     510.0      237.0
     448.0      710.0
     335.0      133.0
    1224.0       52.0
     351.0      479.0
     627.0      550.0
     286.0      607.0
     489.0       97.0
     693.0      700.0
     978.0       50.0
     851.0      479.0
     762.0      817.0
     517.0      769.0
     330.0       32.0
     982.0      825.0
     560.0      576.0
     916.0      588.0
     261.0      539.0
     538.0      614.0
     373.0      219.0
     466.0       24.0
    1235.0      202.0
     602.0      608.0
     535.0      209.0
     464.0      651.0
     132.0      440.0
     880.0      711.0
     352.0       61.0
    1061.0      359.0
     315.0      366.0
     374.0      807.0
     442.0      392.0
     812.0      736.0
     970.0      581.0
     483.0      274.0
     321.0      304.0
    1285.0      647.0
    1146.0      458.0
     592.0      362.0
     328.0      193.0
     236.0      337.0
     552.0      767.0
    1019.0      272.0
     928.0      517.0
     281.0      438.0
     802.0      474.0
    1327.0      759.0
     248.0      245.0
     939.0      485.0
     531.0      189.0
     669.0      543.0
     898.0      579.0
     969.0      137.0
     330.0      699.0
     747.0      427.0
     311.0      761.0
     853.0      526.0
     482.0      368.0
     655.0      457.0
     506.0      635.0
     903.0      738.0
     263.0      681.0
     612.0       67.0
     440.0      294.0
     454.0      725.0
     933.0      539.0
    1095.0      106.0
     969.0      745.0
    1295.0      731.0
     394.0      539.0
    1019.0      464.0
     235.0      456.0
    1270.0      495.0
     842.0       23.0
     574.0      115.0
     731.0      281.0
     306.0      182.0
    1355.0      750.0
    1318.0      379.0
     324.0      616.0
     381.0      270.0
    1108.0      418.0
     634.0      529.0
     814.0       86.0
     346.0      521.0
     351.0      170.0
    1123.0      107.0
     754.0      189.0
     395.0      319.0
      55.0      332.0
     989.0      466.0
     368.0      650.0
     776.0      536.0
     865.0      648.0
     473.0      448.0
     794.0      352.0
    1337.0      533.0
     748.0       67.0
    1223.0      372.0
    1310.0      563.0
     389.0      591.0
     515.0      406.0
     586.0      471.0
     673.0      171.0
     148.0      212.0
     502.0      289.0
     726.0      311.0
     766.0       99.0
     701.0      384.0
     332.0      456.0
     517.0      671.0
     708.0      427.0
     967.0       82.0
    1329.0      225.0
    1136.0       73.0
     362.0      178.0
     627.0      301.0
     560.0      122.0
     980.0      505.0
     166.0      480.0
     431.0       85.0
