<?xml version="1.0"?>
<opencv_storage>
<coins type_id="opencv-matrix">
 <rows>500</rows>
 <cols>1</cols>
 <dt>"2f"</dt>
 <data>
     387.0      656.0
     794.0      411.0
     262.0      556.0
     904.0       69.0
     343.0      461.0
     194.0      460.0
      50.0      371.0
     989.0      348.0
     250.0      301.0
     985.0      270.0
     598.0      478.0
     676.0      408.0
     427.0      160.0
     153.0      305.0
    1053.0      203.0
     281.0      522.0
     912.0      587.0
    1039.0      151.0
     514.0      558.0
     870.0      262.0
     274.0      140.0
     413.0      174.0
     735.0      193.0
     651.0      142.0
     412.0      394.0
     894.0      170.0
     608.0      166.0
     589.0      616.0
    1162.0      362.0
     645.0      486.0
     727.0      218.0
     399.0      311.0
     829.0      258.0
     416.0      570.0
     263.0      356.0
     243.0      322.0
     642.0      616.0
     300.0      608.0
     280.0      159.0
     354.0      652.0
    1103.0      118.0
     990.0      250.0
     527.0      371.0
     834.0      485.0
     253.0      377.0
     903.0      455.0
     685.0      438.0
     255.0      210.0
     327.0      519.0
     953.0      223.0
     734.0       96.0
     851.0      708.0
     718.0      342.0
     555.0       84.0
    1148.0      430.0
     514.0      380.0
     633.0      294.0
     204.0      284.0
     460.0      106.0
     816.0      718.0
     761.0      767.0
     403.0      436.0
     764.0      619.0
     530.0      360.0
     806.0      127.0
     878.0      761.0
     776.0      569.0
     243.0      583.0
     437.0      561.0
     256.0      673.0
     167.0      266.0
     959.0      369.0
     651.0      115.0
     310.0      361.0
     386.0      583.0
     483.0      486.0
     409.0      224.0
     282.0      183.0
     699.0      497.0
     551.0      658.0
     612.0      696.0
     352.0      682.0
     171.0      289.0
     258.0      423.0
     965.0      435.0
     295.0      702.0
     400.0      213.0
     491.0      528.0
     906.0      226.0
     711.0      705.0
     128.0       79.0
     662.0      246.0
     334.0      645.0
     892.0      504.0
    1004.0      231.0
     403.0      136.0
     498.0      634.0
     783.0      769.0
    1047.0      448.0
    1033.0      116.0
     394.0      708.0
     525.0      778.0
    1048.0      238.0
     289.0       67.0
     588.0      752.0
     790.0      142.0
     582.0      567.0
     944.0      198.0
     104.0      231.0
     216.0      322.0
     642.0      443.0
    1085.0      336.0
     994.0      108.0
     628.0      360.0
     587.0      137.0
     488.0      334.0
     402.0      414.0
    1158.0      501.0
     434.0      283.0
     827.0      552.0
     361.0      492.0
     310.0      189.0
     657.0      292.0
     455.0      585.0
    1085.0      175.0
     477.0      506.0
     568.0      205.0
     472.0      391.0
     307.0      476.0
    1054.0      399.0
     682.0      672.0
     468.0      295.0
     756.0      483.0
    1134.0      713.0
     687.0      254.0
     672.0      639.0
     315.0      546.0
     428.0      354.0
     467.0      367.0
     764.0      571.0
     715.0      396.0
    1041.0       94.0
     379.0      372.0
     245.0      565.0
     339.0      322.0
    1125.0      578.0
    1071.0      337.0
     884.0       98.0
     769.0      277.0
     614.0      160.0
    1127.0      184.0
     408.0       81.0
     632.0      774.0
     349.0      514.0
     406.0      668.0
     479.0      681.0
    1132.0      109.0
     569.0      518.0
    1069.0      165.0
    1084.0      387.0
     513.0      407.0
     150.0      361.0
     628.0      121.0
     745.0      157.0
     785.0      109.0
     974.0      367.0
     305.0      403.0
     905.0      758.0
     455.0      645.0
     632.0      281.0
     481.0      429.0
     322.0      739.0
     472.0       94.0
     837.0      225.0
     761.0      147.0
     458.0      403.0
    1172.0      593.0
     348.0      348.0
     513.0      646.0
     170.0      208.0
     591.0      327.0
    1126.0      609.0
     800.0      637.0
     245.0      134.0
     445.0      129.0
    1129.0      548.0
     525.0      744.0
     369.0      767.0
     432.0      538.0
     841.0      465.0
     231.0      499.0
     440.0      670.0
     313.0      115.0
     409.0      131.0
     365.0      291.0
     471.0      758.0
     603.0      771.0
     962.0      403.0
     238.0      426.0
     497.0      744.0
     946.0      720.0
     825.0      590.0
     875.0      588.0
     807.0      153.0
     825.0      431.0
     205.0      109.0
     559.0      477.0
     382.0      501.0
     300.0      452.0
     663.0      339.0
     417.0      723.0
     561.0      216.0
     619.0      551.0
      26.0      340.0
     256.0      748.0
    1127.0      484.0
     508.0      325.0
     872.0      721.0
     855.0      326.0
     304.0      641.0
     704.0      557.0
     808.0      457.0
     229.0      552.0
     746.0      552.0
     871.0      388.0
     909.0      105.0
     411.0      485.0
     488.0      600.0
     386.0      526.0
     354.0      266.0
     352.0      569.0
     383.0      422.0
     503.0      464.0
     711.0      368.0
     862.0      295.0
     477.0      550.0
     261.0      393.0
     844.0      269.0
     258.0      703.0
     897.0      425.0
     519.0      686.0
     337.0      205.0
     707.0      515.0
     861.0      678.0
     270.0      279.0
    1032.0      483.0
     639.0      465.0
     444.0      359.0
     870.0      422.0
     295.0      529.0
     363.0      216.0
     870.0      206.0
     401.0      585.0
     989.0      129.0
     880.0       55.0
     962.0      143.0
     619.0      223.0
     363.0      588.0
     915.0      714.0
     345.0      548.0
     872.0      652.0
     274.0      564.0
     111.0      258.0
     428.0      200.0
     399.0      627.0
     841.0      332.0
     920.0      410.0
    1136.0      592.0
    1173.0      702.0
     940.0      287.0
     374.0       72.0
     778.0      390.0
     987.0       70.0
     264.0      236.0
     731.0      215.0
     906.0      640.0
     763.0      739.0
     655.0      195.0
     623.0      400.0
     984.0      462.0
     802.0      351.0
     682.0      750.0
     286.0      356.0
     691.0      551.0
     679.0      364.0
     409.0       98.0
     421.0       65.0
     685.0      217.0
    1057.0      430.0
     205.0      168.0
     675.0      495.0
     185.0      270.0
     294.0      300.0
     251.0      535.0
    1006.0      274.0
     337.0      622.0
    1118.0      526.0
     313.0      432.0
     415.0      343.0
     176.0      326.0
     842.0       86.0
     141.0      479.0
     817.0      116.0
     299.0      106.0
     738.0      529.0
     515.0       83.0
    1147.0      564.0
      50.0      102.0
     906.0      387.0
     641.0       68.0
     802.0      553.0
     487.0      292.0
     891.0      128.0
     528.0      511.0
     473.0      447.0
     960.0      185.0
     448.0      760.0
     234.0      181.0
     693.0      521.0
     515.0      589.0
     351.0      164.0
    1011.0      490.0
     278.0      355.0
     392.0      339.0
     994.0      406.0
    1125.0      677.0
     628.0      658.0
     423.0      759.0
     898.0      540.0
     981.0       52.0
     755.0      590.0
     252.0      515.0
     186.0      539.0
    1155.0      669.0
     313.0      154.0
     895.0      577.0
     577.0      305.0
     432.0      681.0
     832.0      507.0
     771.0      100.0
     555.0      439.0
     287.0      492.0
     879.0      243.0
     609.0      266.0
     328.0      572.0
     619.0       94.0
     311.0      686.0
     218.0      575.0
     493.0      145.0
     408.0      203.0
     855.0      125.0
     887.0      559.0
     934.0       56.0
     385.0      721.0
     921.0      185.0
     700.0      405.0
     216.0      129.0
