<?xml version="1.0"?>
<opencv_storage>
<coins type_id="opencv-matrix">
 <rows>500</rows>
 <cols>1</cols>
 <dt>"2f"</dt>
 <data>
     275.0      161.0
     866.0      189.0
    1006.0      526.0
     564.0      502.0
     262.0      433.0
     979.0       50.0
     479.0      396.0
     781.0      705.0
     682.0      684.0
     344.0      375.0
     268.0      534.0
    1113.0      596.0
     667.0      765.0
     963.0      295.0
     977.0      633.0
     509.0      181.0
     497.0      220.0
     455.0      496.0
     171.0      593.0
      20.0      415.0
      75.0      242.0
     253.0      262.0
    1089.0      445.0
      22.0      469.0
     916.0      236.0
     282.0      701.0
     775.0      580.0
      82.0      336.0
     465.0      174.0
     982.0      370.0
     174.0      730.0
     931.0      123.0
     299.0      153.0
     497.0      440.0
     423.0      663.0
     896.0      155.0
      52.0      384.0
     521.0      450.0
     891.0      316.0
      92.0      573.0
     948.0      194.0
     199.0      351.0
    1015.0       87.0
     458.0      578.0
     617.0      197.0
     153.0      662.0
      38.0      268.0
     276.0       94.0
     640.0      355.0
    1123.0      623.0
      74.0      193.0
     124.0      440.0
    1093.0      421.0
    1118.0      129.0
    1102.0      348.0
     319.0      750.0
     861.0      213.0
     295.0      205.0
     692.0      135.0
     521.0      701.0
     596.0       78.0
     233.0      461.0
     476.0      639.0
     992.0      395.0
     220.0      413.0
     832.0      626.0
     654.0      217.0
     267.0      573.0
      52.0      327.0
     101.0      620.0
    1016.0      580.0
    1012.0      265.0
     247.0      166.0
     377.0      261.0
     328.0      207.0
     386.0       97.0
     654.0      628.0
     636.0      318.0
     152.0      695.0
     809.0      382.0
     704.0      239.0
     635.0      172.0
     421.0      331.0
    1058.0      136.0
      40.0      585.0
     159.0      490.0
    1125.0      735.0
    1063.0      101.0
     342.0      676.0
     240.0      636.0
     559.0      666.0
     873.0      261.0
     950.0      161.0
     522.0      146.0
    1026.0      688.0
     520.0      521.0
     785.0      206.0
     570.0      229.0
     474.0      450.0
     697.0       59.0
     883.0       85.0
     363.0      146.0
     106.0      763.0
      22.0       91.0
     155.0      106.0
     830.0      402.0
     422.0       79.0
     149.0      560.0
     643.0      276.0
     438.0      629.0
     633.0      727.0
      66.0       75.0
     337.0      579.0
     924.0      400.0
     142.0      364.0
     626.0      455.0
     267.0      627.0
     570.0       77.0
     697.0      333.0
     746.0      695.0
     773.0      311.0
     799.0      153.0
     985.0      678.0
     128.0      203.0
     167.0      767.0
     831.0      589.0
     113.0       62.0
     754.0      196.0
     805.0      449.0
     822.0      103.0
     627.0      607.0
     484.0      288.0
     481.0       58.0
     271.0      649.0
     866.0      422.0
     576.0      324.0
    1030.0      482.0
    1027.0      515.0
     547.0      580.0
     847.0      121.0
     924.0      496.0
     715.0      301.0
      46.0       65.0
     403.0      757.0
     384.0      505.0
     535.0      404.0
    1067.0      254.0
     268.0      282.0
     336.0      704.0
    1113.0      704.0
     838.0      687.0
     896.0      119.0
     770.0      152.0
     609.0      420.0
      10.0      783.0
     637.0      117.0
     429.0      199.0
       7.0      287.0
     485.0      507.0
     305.0      178.0
     849.0      706.0
     564.0      108.0
     795.0      755.0
     176.0      364.0
     822.0      216.0
     401.0       68.0
     305.0      293.0
     763.0      261.0
     454.0      316.0
    1072.0      529.0
     794.0      120.0
     905.0      379.0
     655.0      541.0
     742.0      460.0
     833.0      186.0
     158.0      140.0
     551.0      366.0
     944.0      379.0
     349.0      239.0
     532.0      660.0
     228.0      102.0
     912.0      558.0
     742.0      505.0
    1083.0      478.0
     161.0      445.0
     153.0      613.0
     560.0      769.0
     130.0      310.0
     867.0      109.0
     384.0      395.0
     873.0      455.0
    1009.0      112.0
      52.0      689.0
      68.0      535.0
     900.0      256.0
     510.0      765.0
     638.0      760.0
     226.0      241.0
     608.0      114.0
     627.0      637.0
    1007.0      320.0
    1043.0      159.0
     517.0      476.0
      60.0      496.0
     432.0      507.0
     451.0      153.0
    1103.0      295.0
     580.0      415.0
     863.0      630.0
     909.0      197.0
     571.0      174.0
     202.0       69.0
     304.0      776.0
     620.0      376.0
     778.0      475.0
     872.0      165.0
       0.0      229.0
     724.0      277.0
      50.0      360.0
     511.0      383.0
      25.0      443.0
     170.0      392.0
     946.0      660.0
     371.0      677.0
    1105.0      215.0
     844.0      765.0
     124.0      227.0
    1007.0      607.0
     422.0      577.0
     691.0      659.0
     604.0      320.0
     287.0      363.0
     755.0      115.0
      49.0      651.0
     448.0      713.0
     461.0       99.0
     224.0      766.0
     677.0      607.0
     899.0      616.0
      26.0      307.0
     532.0       72.0
     471.0      529.0
     222.0      586.0
     892.0      668.0
     212.0      629.0
     813.0       72.0
     669.0      478.0
      98.0      392.0
     984.0      539.0
    1049.0      560.0
     202.0      755.0
     298.0      593.0
     295.0      393.0
       2.0      573.0
     933.0       65.0
     482.0      751.0
     356.0      728.0
     405.0      600.0
     851.0       89.0
      31.0      537.0
     843.0      146.0
     703.0      547.0
     169.0      288.0
    1076.0      738.0
     100.0      280.0
    1041.0      611.0
     261.0      771.0
    1085.0      156.0
     727.0      104.0
     169.0      200.0
     386.0      728.0
     572.0      454.0
     798.0       43.0
    1094.0      394.0
     802.0      561.0
     871.0      327.0
     581.0      204.0
    1121.0      273.0
     737.0      607.0
     652.0      713.0
    1030.0      376.0
     601.0      469.0
     130.0      168.0
     896.0      503.0
     434.0      746.0
     702.0      430.0
     203.0      137.0
     385.0      443.0
     189.0      465.0
     749.0      741.0
     717.0      181.0
     861.0      397.0
    1050.0      304.0
     848.0      252.0
    1042.0      266.0
     139.0       66.0
       0.0      446.0
     598.0      178.0
     947.0      235.0
     285.0      670.0
     394.0      674.0
    1071.0      562.0
     313.0       64.0
    1011.0      231.0
     714.0      455.0
       8.0      743.0
     800.0      270.0
      23.0      131.0
      94.0       80.0
     537.0      188.0
     448.0      460.0
     522.0      291.0
     679.0       90.0
      21.0      602.0
     114.0      541.0
     529.0      625.0
     712.0      485.0
      11.0      630.0
     479.0      691.0
    1061.0      649.0
     792.0      609.0
      16.0      329.0
     807.0      510.0
     876.0      521.0
     923.0       92.0
     836.0      345.0
    1047.0      434.0
     969.0      735.0
    1118.0      412.0
     571.0      263.0
     388.0      132.0
     638.0      242.0
     728.0      246.0
     325.0       88.0
     582.0      594.0
     901.0      579.0
     616.0      299.0
     357.0      444.0
     304.0      263.0
     568.0      142.0
     246.0      315.0
     358.0      330.0
     121.0      644.0
     687.0      188.0
     648.0      577.0
     812.0      312.0
     738.0      337.0
     517.0      421.0
      85.0      435.0
     543.0      433.0
    1042.0      350.0
     272.0      188.0
    1093.0      633.0
     118.0      687.0
    1033.0      211.0
     247.0      346.0
     155.0      633.0
