<?xml version="1.0"?>
<opencv_storage>
<coins type_id="opencv-matrix">
 <rows>500</rows>
 <cols>1</cols>
 <dt>"2f"</dt>
 <data>
    1216.0      320.0
    1019.0      596.0
     541.0      366.0
     919.0      854.0
    1142.0       69.0
     609.0      726.0
     388.0      577.0
    1189.0      935.0
    1312.0      674.0
    1000.0      200.0
     346.0      541.0
    1208.0      512.0
       0.0      324.0
     473.0      162.0
     246.0      859.0
     790.0       79.0
    1103.0      298.0
    1206.0      463.0
    1110.0      347.0
     691.0      773.0
    1265.0      702.0
     941.0      786.0
     422.0      762.0
      52.0      689.0
    1190.0      974.0
     771.0      136.0
     993.0      801.0
     841.0      205.0
    1080.0      822.0
    1092.0      991.0
     898.0      172.0
     619.0      575.0
    1017.0      701.0
     816.0       40.0
    1263.0      442.0
     561.0      737.0
    1085.0      765.0
    1067.0      792.0
    1004.0      326.0
     556.0       36.0
    1256.0      608.0
    1011.0      531.0
     413.0      369.0
    1191.0      682.0
     928.0        3.0
    1252.0      850.0
     881.0      204.0
     261.0      260.0
       7.0      396.0
     358.0      657.0
     900.0      998.0
     524.0      136.0
    1017.0      197.0
     238.0      958.0
    1358.0     1023.0
     784.0      832.0
    1154.0      420.0
    1126.0      419.0
     200.0      757.0
    1240.0      302.0
     592.0     1005.0
     540.0      855.0
     229.0      511.0
     108.0       20.0
    1101.0      508.0
    1063.0      657.0
     637.0      994.0
     152.0      512.0
    1354.0      760.0
     537.0      211.0
    1089.0      437.0
     357.0      792.0
     657.0      411.0
     454.0      280.0
    1184.0      602.0
     883.0      473.0
    1207.0     1002.0
     806.0      862.0
     875.0       46.0
     918.0      214.0
    1239.0      609.0
     875.0      299.0
      64.0      989.0
     338.0      468.0
     973.0      604.0
     514.0      947.0
     538.0      304.0
     484.0      273.0
      24.0      364.0
     954.0      337.0
     814.0      945.0
     119.0      869.0
    1306.0      969.0
     692.0       57.0
    1141.0      273.0
     151.0      465.0
     285.0      438.0
     400.0      269.0
     525.0      458.0
     518.0      787.0
     838.0        9.0
     589.0       33.0
     994.0       45.0
     971.0      796.0
    1135.0      215.0
    1294.0      991.0
     795.0      419.0
     186.0      645.0
     581.0      876.0
     442.0      580.0
     815.0      780.0
     651.0      629.0
     812.0      636.0
      48.0      474.0
     845.0      686.0
     710.0      627.0
     903.0      787.0
     427.0       16.0
     253.0      692.0
    1119.0      904.0
     684.0      593.0
     998.0      922.0
     301.0      989.0
     754.0      446.0
    1103.0      804.0
     839.0      104.0
    1111.0      466.0
     680.0      381.0
     733.0       22.0
    1103.0      114.0
      64.0      426.0
     600.0      822.0
     888.0      622.0
     579.0      308.0
     936.0      131.0
     692.0      714.0
     482.0      320.0
     223.0        0.0
     457.0      834.0
     841.0      438.0
    1190.0      377.0
     277.0       39.0
     933.0      100.0
    1157.0      984.0
     955.0     1009.0
     225.0      298.0
    1235.0      417.0
     655.0      713.0
    1342.0      921.0
     863.0      323.0
     747.0      346.0
     425.0      659.0
    1268.0      735.0
       0.0      568.0
     327.0      336.0
     425.0     1023.0
    1039.0       35.0
    1170.0      490.0
    1061.0      753.0
     761.0       26.0
     993.0      836.0
    1307.0      803.0
     443.0      532.0
    1047.0      259.0
     784.0      355.0
     411.0      486.0
    1046.0      716.0
       0.0      958.0
     831.0      827.0
    1233.0      848.0
    1280.0      525.0
     931.0      562.0
     101.0      227.0
     845.0      640.0
     738.0       75.0
    1250.0      965.0
     526.0        0.0
    1095.0      862.0
     385.0      110.0
     948.0      845.0
     570.0      250.0
     854.0     1020.0
    1244.0     1010.0
    1312.0      548.0
    1172.0      177.0
    1016.0      824.0
     188.0      504.0
     337.0      897.0
     611.0      771.0
     654.0      368.0
    1091.0      668.0
    1031.0      166.0
    1038.0        0.0
     722.0      669.0
    1052.0      211.0
    1301.0      614.0
     792.0        0.0
     933.0       62.0
     127.0      981.0
     648.0      834.0
    1207.0      348.0
     797.0      174.0
     191.0       29.0
     911.0      337.0
     610.0      678.0
    1023.0      246.0
     697.0      933.0
    1061.0      306.0
     969.0      878.0
     422.0      164.0
     870.0      747.0
     238.0      440.0
    1349.0      863.0
     105.0       95.0
     791.0      961.0
    1051.0     1005.0
     602.0      459.0
    1345.0      825.0
    1359.0      932.0
     764.0      767.0
    1196.0      207.0
     776.0      712.0
     789.0      505.0
     461.0      690.0
     660.0      129.0
     414.0      902.0
    1120.0      988.0
    1354.0      894.0
    1229.0      637.0
     957.0      750.0
     982.0      520.0
    1108.0      944.0
     659.0      308.0
      70.0      155.0
     942.0      903.0
    1203.0      791.0
    1149.0      481.0
     732.0      460.0
     868.0      123.0
     511.0     1006.0
     918.0      425.0
    1287.0      916.0
    1043.0      970.0
     707.0      317.0
    1084.0      319.0
    1041.0      573.0
     860.0      862.0
    1329.0      768.0
    1167.0      769.0
     897.0      247.0
    1079.0      457.0
     681.0      809.0
     568.0      151.0
    1255.0      554.0
     310.0      144.0
     565.0      823.0
     972.0       30.0
     883.0      900.0
    1010.0      284.0
    1259.0      527.0
     675.0      968.0
     263.0      175.0
     714.0      422.0
    1129.0      316.0
     396.0      528.0
     473.0      885.0
     838.0      368.0
    1081.0      560.0
     610.0      422.0
     914.0      370.0
     185.0      794.0
     729.0      870.0
    1174.0      804.0
     840.0      767.0
    1159.0      610.0
    1324.0      830.0
    1337.0     1006.0
       1.0        8.0
    1187.0      637.0
    1307.0      728.0
     962.0      254.0
     747.0      848.0
    1308.0      933.0
    1075.0      629.0
    1071.0      950.0
     885.0     1023.0
     268.0      644.0
    1303.0      879.0
     180.0      360.0
     381.0      316.0
     789.0       27.0
     921.0      274.0
     111.0      624.0
      30.0      798.0
    1175.0      333.0
     752.0      535.0
     929.0      463.0
     506.0      619.0
    1166.0      122.0
     202.0      466.0
     494.0      461.0
    1117.0      174.0
     932.0      610.0
     722.0      971.0
    1013.0      883.0
     170.0      870.0
     296.0      824.0
    1012.0      471.0
    1110.0      255.0
    1095.0      904.0
     679.0     1012.0
     507.0      525.0
    1180.0      559.0
     741.0     1020.0
    1293.0      771.0
    1183.0      400.0
     360.0       12.0
    1277.0      856.0
    1293.0      572.0
    1156.0      516.0
    1112.0      751.0
    1278.0      657.0
     568.0      779.0
    1284.0      630.0
    1204.0      614.0
    1265.0      995.0
    1000.0        0.0
     559.0      563.0
    1096.0      624.0
     834.0      256.0
     367.0      750.0
      15.0      133.0
     255.0       89.0
    1091.0        8.0
     352.0      704.0
    1234.0      908.0
     659.0      502.0
    1212.0      562.0
     629.0      400.0
    1252.0      634.0
     736.0      766.0
    1172.0      297.0
     376.0      852.0
       0.0      489.0
    1218.0      669.0
     774.0      365.0
     257.0      809.0
     653.0      886.0
     781.0      278.0
     277.0      221.0
     898.0        5.0
     551.0      912.0
     415.0      610.0
     210.0      164.0
    1139.0      173.0
     657.0        3.0
      37.0        9.0
