<?xml version="1.0"?>
<opencv_storage>
<coins type_id="opencv-matrix">
 <rows>500</rows>
 <cols>1</cols>
 <dt>"2f"</dt>
 <data>
    1268.0      486.0
    1230.0      758.0
     811.0      109.0
     552.0      405.0
    1088.0      694.0
     827.0      597.0
    1323.0      778.0
    1029.0      236.0
    1199.0      286.0
     975.0      323.0
     562.0      176.0
    1084.0      192.0
    1204.0      508.0
     627.0      340.0
    1154.0      628.0
     811.0      518.0
    1005.0      304.0
     819.0      410.0
    1128.0      350.0
     855.0      603.0
     861.0      463.0
    1175.0      599.0
     400.0      126.0
     707.0      380.0
    1316.0      752.0
     940.0      426.0
    1073.0      241.0
     522.0      629.0
     943.0      747.0
    1001.0      431.0
     936.0      365.0
     538.0       91.0
    1250.0      381.0
     670.0      449.0
     437.0       48.0
     851.0      552.0
     712.0      617.0
    1295.0      744.0
    1146.0      721.0
    1247.0      359.0
     443.0      368.0
     601.0      704.0
    1249.0      489.0
    1154.0      292.0
    1272.0      513.0
     760.0      226.0
     415.0      324.0
    1345.0      442.0
     927.0      503.0
     481.0      370.0
     993.0      597.0
     484.0      686.0
    1066.0      705.0
     486.0      279.0
     477.0      547.0
    1017.0      459.0
     606.0       82.0
     433.0      261.0
    1094.0      325.0
     671.0      208.0
     776.0      239.0
    1267.0      728.0
     469.0      205.0
     943.0      591.0
     416.0       92.0
     719.0      533.0
     499.0      536.0
    1313.0      414.0
     918.0      238.0
     899.0      423.0
    1284.0      500.0
    1316.0      583.0
     812.0      303.0
    1178.0      342.0
     851.0      675.0
     889.0      358.0
    1023.0      646.0
    1277.0      291.0
    1106.0      221.0
     906.0      151.0
     763.0      521.0
    1072.0      161.0
    1104.0      538.0
     607.0      671.0
     783.0      501.0
    1137.0      743.0
    1027.0      504.0
    1079.0      206.0
     924.0      631.0
     823.0      652.0
    1132.0      682.0
     682.0      165.0
     527.0      194.0
    1073.0      452.0
     953.0      540.0
     583.0      200.0
     427.0      513.0
    1104.0      739.0
     646.0      368.0
    1206.0      361.0
    1321.0      356.0
    1027.0      628.0
     714.0      697.0
    1298.0      696.0
     855.0      528.0
    1012.0      208.0
     739.0      393.0
    1169.0      395.0
     510.0      609.0
     939.0      170.0
     654.0      319.0
     882.0      553.0
    1023.0      610.0
    1112.0      248.0
     971.0      286.0
     893.0      219.0
     945.0      201.0
    1027.0      279.0
     928.0      529.0
     447.0      629.0
     691.0      718.0
    1147.0      457.0
     683.0      531.0
     439.0      188.0
     435.0      584.0
     876.0      394.0
     711.0      132.0
     790.0      486.0
    1335.0      759.0
     468.0      404.0
    1282.0      629.0
     436.0      440.0
    1272.0      532.0
     614.0      171.0
     485.0      626.0
    1200.0      489.0
     661.0      399.0
     890.0      540.0
     386.0      181.0
    1151.0      311.0
     488.0      460.0
     454.0       97.0
     839.0      733.0
     418.0      381.0
     588.0       65.0
     718.0      651.0
    1301.0      681.0
     445.0      554.0
    1323.0      501.0
    1195.0      463.0
     589.0      152.0
    1145.0      701.0
     684.0      473.0
     779.0      381.0
     659.0      688.0
     517.0       99.0
    1039.0      529.0
     814.0      281.0
    1036.0      309.0
    1108.0      407.0
    1095.0      649.0
    1358.0      317.0
     663.0      590.0
     946.0      454.0
     881.0      457.0
     783.0      219.0
     927.0      312.0
     548.0      615.0
    1048.0      656.0
     706.0      515.0
    1344.0      513.0
    1319.0      327.0
     684.0      267.0
    1181.0      422.0
     631.0      397.0
     545.0      638.0
     827.0      633.0
     527.0      225.0
    1250.0      778.0
     754.0      435.0
     536.0       43.0
     757.0      369.0
     963.0      510.0
     737.0      626.0
    1256.0      220.0
    1292.0      488.0
    1223.0      772.0
     966.0      395.0
     483.0       57.0
    1200.0      552.0
     874.0      738.0
    1081.0      538.0
    1109.0      566.0
     962.0      158.0
     800.0      124.0
    1280.0      793.0
    1214.0      536.0
    1348.0      459.0
     984.0      462.0
    1292.0      610.0
     491.0      310.0
     732.0      210.0
    1201.0      221.0
    1000.0      176.0
    1337.0      803.0
     792.0      312.0
     803.0      254.0
    1344.0      672.0
     569.0      296.0
     774.0       94.0
    1265.0      689.0
     775.0      404.0
    1220.0      454.0
     479.0      597.0
     941.0      619.0
     747.0      343.0
    1275.0      658.0
     645.0       92.0
     705.0      356.0
    1272.0      260.0
     810.0      203.0
     760.0      315.0
     867.0      428.0
    1314.0      264.0
    1140.0      609.0
    1164.0      500.0
     779.0      555.0
     448.0      653.0
    1207.0      604.0
    1352.0      534.0
    1245.0      454.0
     672.0      122.0
    1129.0      397.0
     484.0      182.0
    1250.0      571.0
    1148.0      675.0
     559.0       77.0
    1267.0      375.0
     502.0      245.0
    1119.0      483.0
     430.0      290.0
     764.0      180.0
     416.0      402.0
     778.0      167.0
    1182.0      202.0
     562.0      696.0
     871.0      285.0
     510.0      145.0
     939.0      296.0
     709.0      177.0
     901.0      387.0
     793.0      723.0
     606.0      129.0
     573.0      522.0
    1160.0      769.0
     831.0      386.0
    1245.0      637.0
    1320.0      662.0
     894.0      487.0
    1237.0      615.0
    1096.0      581.0
    1181.0      576.0
    1051.0      479.0
     851.0      646.0
    1235.0      299.0
    1217.0      652.0
    1348.0      239.0
    1247.0      328.0
    1078.0      500.0
     857.0      363.0
    1286.0      394.0
     501.0      171.0
     869.0      693.0
     785.0      270.0
     987.0      756.0
     626.0      500.0
     845.0      185.0
    1277.0      440.0
    1303.0      764.0
    1309.0      436.0
    1108.0      342.0
     690.0      427.0
     434.0      113.0
    1187.0      726.0
     703.0      460.0
     611.0      244.0
    1026.0      440.0
    1242.0      683.0
    1001.0      717.0
     826.0      561.0
     813.0      166.0
     661.0      548.0
    1039.0      359.0
     522.0      380.0
     496.0      405.0
     703.0      229.0
     562.0      142.0
     963.0      234.0
     896.0      619.0
    1154.0      545.0
     905.0      269.0
     851.0      485.0
    1003.0      415.0
     772.0      298.0
    1198.0      447.0
     913.0      690.0
    1137.0      561.0
     480.0      128.0
     447.0       30.0
    1169.0      735.0
    1161.0      665.0
     934.0      553.0
     809.0      235.0
    1090.0      441.0
     864.0      244.0
     917.0      585.0
    1232.0      521.0
     920.0      712.0
    1189.0      246.0
    1212.0      402.0
    1044.0      157.0
    1117.0      173.0
     899.0      305.0
    1347.0      741.0
     447.0      486.0
    1040.0      694.0
     917.0      606.0
     481.0      426.0
     911.0      656.0
     758.0      458.0
     549.0      486.0
     932.0      332.0
    1207.0      732.0
     670.0      301.0
     748.0      104.0
     945.0      671.0
    1188.0      524.0
    1133.0      299.0
     930.0      257.0
    1316.0      228.0
     808.0      448.0
    1160.0      446.0
     755.0      252.0
     553.0      428.0
     980.0      647.0
    1342.0      651.0
    1092.0      675.0
    1315.0      551.0
     447.0      217.0
    1219.0      276.0
     806.0      689.0
     586.0      561.0
     958.0      605.0
     414.0      173.0
    1049.0      221.0
    1027.0      540.0
    1316.0      717.0
