<?xml version="1.0"?>
<opencv_storage>
<coins type_id="opencv-matrix">
 <rows>500</rows>
 <cols>1</cols>
 <dt>"2f"</dt>
 <data>
     943.0      209.0
     665.0      798.0
     403.0      387.0
     591.0      479.0
    1033.0      436.0
    1075.0      364.0
     411.0      747.0
     539.0      733.0
     738.0      215.0
     693.0      469.0
     310.0      683.0
    1171.0      464.0
     356.0      807.0
     801.0      461.0
     807.0      255.0
     453.0      493.0
     237.0      451.0
     339.0      669.0
     980.0      728.0
    1129.0      459.0
     814.0      197.0
     665.0      437.0
     155.0      231.0
    1018.0      231.0
     719.0      295.0
     466.0      703.0
     888.0      485.0
     273.0      575.0
     886.0      612.0
     230.0      571.0
     181.0      394.0
    1164.0      506.0
    1144.0      263.0
     522.0      633.0
     471.0      393.0
     962.0      595.0
    1103.0      251.0
     749.0      256.0
     255.0      642.0
     937.0      728.0
     773.0      342.0
     705.0      361.0
    1122.0      309.0
     838.0      360.0
     989.0      243.0
     359.0      593.0
     966.0      681.0
     530.0      552.0
     884.0      518.0
     430.0      507.0
    1039.0      732.0
     465.0      747.0
     902.0      445.0
     751.0      635.0
     167.0      148.0
     486.0      732.0
     862.0      359.0
     456.0      565.0
     764.0      584.0
     316.0      239.0
     629.0      710.0
     181.0      326.0
     218.0      143.0
    1090.0      331.0
    1137.0      235.0
     557.0      803.0
    1140.0      582.0
    1114.0      633.0
     699.0      666.0
     376.0      254.0
     781.0      293.0
     639.0      296.0
    1118.0      534.0
     595.0      315.0
    1112.0      565.0
     728.0      318.0
     430.0      662.0
     387.0      398.0
    1007.0      243.0
     320.0      474.0
     170.0      563.0
     564.0      422.0
     743.0      796.0
     276.0      553.0
     216.0      219.0
     340.0      711.0
    1015.0      293.0
     203.0      557.0
     371.0      612.0
     699.0      797.0
     664.0      256.0
     711.0      381.0
     276.0      720.0
     220.0      714.0
    1124.0      353.0
    1091.0      787.0
     558.0      629.0
    1039.0      494.0
     860.0      201.0
    1058.0      261.0
     209.0      505.0
     545.0      651.0
    1145.0      615.0
     899.0      726.0
     523.0      608.0
    1084.0      682.0
     436.0      692.0
     459.0      647.0
     589.0      197.0
     185.0      134.0
    1133.0      292.0
     363.0      482.0
     855.0      391.0
     553.0      535.0
     854.0      546.0
     801.0      277.0
    1145.0      407.0
     733.0      428.0
     482.0      187.0
     613.0      525.0
     503.0      475.0
     364.0      284.0
     619.0      340.0
     282.0      509.0
    1061.0      400.0
     321.0      618.0
     899.0      467.0
    1086.0      571.0
     610.0      295.0
    1016.0      401.0
     576.0      625.0
     535.0      282.0
     529.0      802.0
     262.0      463.0
     694.0      419.0
     856.0      484.0
    1111.0      322.0
     323.0      430.0
    1116.0      399.0
    1114.0      690.0
     380.0      500.0
     551.0      227.0
    1016.0      375.0
    1177.0      582.0
     315.0      714.0
     811.0      793.0
     778.0      412.0
     663.0      510.0
     843.0      466.0
     302.0      648.0
     228.0      176.0
     833.0      541.0
     630.0      593.0
     592.0      461.0
     413.0      631.0
    1149.0      425.0
     299.0      157.0
    1080.0      255.0
     335.0      146.0
     883.0      382.0
     689.0      337.0
     951.0      636.0
     863.0      792.0
     985.0      613.0
     267.0      778.0
     133.0      276.0
     210.0      667.0
     819.0      569.0
     981.0      460.0
     852.0      612.0
    1114.0      375.0
     659.0      310.0
     167.0      734.0
     536.0      358.0
     585.0      415.0
     712.0      226.0
     838.0      673.0
     392.0      766.0
    1134.0      374.0
     608.0      664.0
     823.0      446.0
    1175.0      714.0
     566.0      290.0
    1020.0      487.0
    1030.0      623.0
     438.0      549.0
     237.0      752.0
     480.0      630.0
     691.0      539.0
    1181.0      523.0
     524.0      168.0
    1075.0      628.0
     603.0      382.0
     270.0      419.0
     419.0      806.0
    1012.0      595.0
     350.0      451.0
    1184.0      749.0
     869.0      309.0
     299.0      300.0
    1124.0      716.0
     344.0      629.0
     578.0      684.0
     480.0      788.0
    1053.0      328.0
     320.0      794.0
     634.0      405.0
     770.0      433.0
    1034.0      600.0
     825.0      650.0
     251.0      475.0
     653.0      200.0
     911.0      791.0
     652.0      573.0
     144.0      467.0
     922.0      450.0
     124.0      153.0
     531.0      448.0
     763.0      361.0
     667.0      601.0
     381.0      518.0
     191.0      349.0
     115.0      296.0
     535.0      321.0
     629.0      487.0
    1163.0      537.0
     968.0      788.0
    1023.0      580.0
     956.0      301.0
     725.0      264.0
     506.0      183.0
     773.0      798.0
    1142.0      780.0
     343.0      357.0
     477.0      246.0
     460.0      415.0
    1158.0      576.0
     579.0      440.0
     884.0      291.0
     584.0      256.0
     214.0      441.0
     667.0      392.0
     420.0      422.0
     980.0      545.0
     560.0      555.0
     301.0      756.0
    1111.0      438.0
     225.0      299.0
     846.0      277.0
     793.0      342.0
     657.0      277.0
    1174.0      555.0
     250.0      153.0
     447.0      216.0
     451.0      804.0
     955.0      462.0
     565.0      465.0
    1140.0      748.0
     455.0      262.0
     164.0      300.0
    1080.0      731.0
    1097.0      625.0
     319.0      537.0
     416.0      578.0
    1017.0      613.0
     403.0      236.0
     594.0      233.0
     513.0      517.0
     896.0      220.0
    1126.0      333.0
     188.0      199.0
     769.0      249.0
     726.0      645.0
    1078.0      660.0
     114.0      389.0
     429.0      374.0
     942.0      453.0
     654.0      407.0
     560.0      374.0
     944.0      587.0
     178.0      657.0
     490.0      658.0
    1041.0      473.0
     433.0      476.0
      96.0      183.0
     688.0      713.0
     718.0      448.0
     436.0      618.0
     651.0      333.0
     394.0      315.0
     950.0      410.0
    1063.0      223.0
     904.0      421.0
     283.0      687.0
     133.0      193.0
     687.0      401.0
     324.0      197.0
     338.0      771.0
    1049.0      786.0
     319.0      560.0
     480.0      335.0
    1184.0      767.0
     171.0      776.0
     979.0      404.0
    1119.0      674.0
     685.0      199.0
     225.0      638.0
     757.0      288.0
    1101.0      733.0
    1071.0      608.0
     478.0      270.0
     417.0      323.0
     873.0      271.0
     638.0      445.0
     761.0      490.0
     648.0      692.0
     526.0      204.0
     489.0      771.0
    1118.0      476.0
     601.0      361.0
    1001.0      547.0
     277.0      315.0
     388.0      597.0
     582.0      661.0
     251.0      718.0
     993.0      387.0
     175.0      417.0
    1182.0      483.0
     934.0      253.0
     381.0      796.0
     562.0      512.0
     735.0      376.0
     435.0      402.0
     360.0      177.0
     222.0      488.0
     790.0      585.0
     350.0      529.0
     694.0      636.0
     409.0      265.0
     237.0      773.0
     550.0      677.0
     563.0      606.0
    1072.0      320.0
     855.0      528.0
     270.0      188.0
     894.0      590.0
     949.0      673.0
     885.0      237.0
     891.0      561.0
     768.0      311.0
     321.0      294.0
     865.0      639.0
     628.0      543.0
     272.0      617.0
     150.0      257.0
     508.0      291.0
     502.0      446.0
