<?xml version="1.0"?>
<opencv_storage>
<coins type_id="opencv-matrix">
 <rows>500</rows>
 <cols>1</cols>
 <dt>"2f"</dt>
 <data>
    1286.0      101.0
     732.0      523.0
     906.0      114.0
     711.0      469.0
     431.0      572.0
     584.0      473.0
     373.0      100.0
     535.0      802.0
    1246.0      288.0
     212.0      143.0
     393.0      357.0
    1084.0      253.0
     404.0      729.0
     405.0      138.0
     483.0      274.0
    1359.0      504.0
     438.0      381.0
     965.0       81.0
     702.0       28.0
     509.0      238.0
     441.0      339.0
     862.0      502.0
    1019.0      272.0
     527.0      156.0
     377.0      158.0
    1041.0       83.0
    1301.0      646.0
     573.0      114.0
     275.0      200.0
     583.0      220.0
     203.0       97.0
     311.0      106.0
     711.0      822.0
     435.0      493.0
     387.0      257.0
     292.0      372.0
     318.0      547.0
     709.0      428.0
    1261.0      690.0
     557.0       75.0
     416.0      464.0
    1026.0      428.0
     197.0       15.0
     328.0       75.0
     530.0       42.0
     509.0      337.0
     204.0      532.0
     550.0       96.0
     448.0      104.0
     446.0       38.0
    1221.0      372.0
    1341.0       29.0
     473.0      447.0
     937.0      540.0
     474.0      123.0
     897.0      339.0
     421.0      446.0
     946.0      721.0
     809.0      286.0
     405.0      479.0
     914.0      244.0
     289.0      490.0
     683.0      414.0
     850.0      243.0
     556.0      560.0
     543.0       60.0
     384.0      182.0
     255.0       44.0
     954.0      610.0
     537.0      705.0
    1356.0      556.0
     928.0      752.0
    1277.0      308.0
     596.0      596.0
     969.0      768.0
    1357.0      225.0
    1064.0      359.0
    1237.0      561.0
     748.0      690.0
    1296.0      621.0
     219.0      250.0
     484.0      466.0
    1002.0      371.0
     560.0      575.0
     675.0      121.0
     552.0      520.0
     541.0      734.0
     773.0       44.0
     570.0      320.0
     459.0      467.0
     344.0      675.0
     624.0      798.0
     831.0      216.0
     351.0      478.0
     210.0      378.0
     362.0      177.0
     282.0      612.0
     463.0      175.0
     431.0      336.0
    1034.0      511.0
    1006.0       14.0
     274.0      288.0
     705.0      358.0
     548.0       17.0
    1007.0      829.0
    1021.0      226.0
     458.0      623.0
     384.0      464.0
     262.0      680.0
     287.0      379.0
     869.0      453.0
    1247.0      712.0
     311.0      499.0
     755.0      187.0
     304.0      289.0
     882.0      385.0
     445.0       67.0
     626.0      392.0
     116.0       83.0
    1136.0       72.0
     851.0      481.0
     445.0      531.0
     334.0       74.0
     316.0      517.0
     900.0      416.0
     305.0      223.0
     423.0      814.0
    1359.0      595.0
     792.0      699.0
     733.0      409.0
     864.0      648.0
     645.0      280.0
     489.0      614.0
     636.0      454.0
     319.0      269.0
    1238.0      203.0
     335.0      167.0
    1287.0      251.0
    1300.0      583.0
     753.0      519.0
    1310.0      464.0
     935.0      485.0
     749.0      222.0
     517.0      769.0
     872.0      537.0
     342.0      592.0
     453.0      725.0
     318.0       44.0
     918.0      139.0
     591.0       99.0
     329.0      348.0
     564.0      322.0
     848.0      478.0
     322.0      305.0
    1076.0      374.0
     667.0      711.0
     853.0      606.0
    1224.0       52.0
     282.0      318.0
     890.0      633.0
     366.0      338.0
     360.0      243.0
     707.0      613.0
     315.0      554.0
     349.0      268.0
     267.0      518.0
     743.0       76.0
     330.0       34.0
     398.0      765.0
     548.0      603.0
     524.0      464.0
     125.0      141.0
    1124.0      433.0
    1074.0      586.0
     502.0      801.0
     439.0      640.0
     392.0      109.0
    1296.0      732.0
     987.0      258.0
    1268.0      199.0
    1011.0      568.0
     393.0       33.0
     538.0      613.0
     266.0      721.0
     351.0      334.0
     997.0      674.0
     727.0      310.0
     693.0      703.0
     424.0      509.0
     367.0      240.0
     435.0      670.0
    1326.0      497.0
     849.0      205.0
     443.0      365.0
     737.0      315.0
     651.0      798.0
     800.0      820.0
    1153.0      143.0
     395.0      421.0
    1347.0      129.0
    1359.0      726.0
     335.0      201.0
     458.0      654.0
    1358.0      751.0
    1235.0      625.0
     592.0      361.0
    1004.0      199.0
     293.0      587.0
     653.0      518.0
     314.0      366.0
     701.0      447.0
     587.0      143.0
     322.0      384.0
     539.0      521.0
     862.0      311.0
     784.0      215.0
     964.0      626.0
     211.0       71.0
     672.0      544.0
     462.0      650.0
     333.0      540.0
    1147.0      460.0
     337.0       53.0
     835.0      362.0
     330.0      193.0
     749.0       67.0
     586.0      422.0
     556.0      498.0
    1202.0      102.0
     953.0      402.0
    1359.0       96.0
     725.0      370.0
     496.0      181.0
     552.0      767.0
     250.0      245.0
     633.0      529.0
     998.0      134.0
     295.0      678.0
     980.0       94.0
     814.0       86.0
     990.0      657.0
     330.0      699.0
     398.0      659.0
    1287.0      673.0
    1101.0      181.0
     645.0       20.0
     881.0      492.0
     507.0       73.0
    1328.0      225.0
     480.0      370.0
     655.0      453.0
     383.0      281.0
     612.0       67.0
     683.0      662.0
     584.0      385.0
     214.0      259.0
    1027.0      626.0
     466.0       25.0
    1338.0      716.0
    1287.0      213.0
    1003.0      297.0
     929.0      806.0
     233.0      457.0
     756.0      629.0
     982.0      825.0
     493.0      581.0
    1240.0      745.0
     343.0      368.0
     336.0      721.0
     330.0      388.0
     626.0      550.0
    1310.0      373.0
     689.0      585.0
     816.0      416.0
     388.0      592.0
     351.0      171.0
    1028.0      351.0
     288.0       59.0
     455.0      526.0
     818.0      193.0
     480.0      676.0
     252.0      432.0
     395.0      262.0
     218.0      170.0
    1259.0      579.0
     594.0      564.0
     863.0      140.0
     897.0      579.0
    1261.0      661.0
     834.0      826.0
     438.0      293.0
    1094.0      105.0
     192.0      343.0
     763.0      817.0
      85.0      375.0
     803.0      473.0
     786.0       20.0
     728.0      659.0
     476.0      525.0
     577.0      318.0
    1310.0      277.0
     604.0      513.0
     264.0      433.0
     306.0      462.0
     596.0      468.0
     867.0      415.0
     917.0       34.0
     282.0      511.0
     792.0      258.0
     843.0       23.0
     336.0      800.0
     729.0      282.0
     511.0       62.0
     457.0      342.0
     795.0      351.0
     280.0      289.0
     809.0      736.0
     673.0      171.0
     776.0      536.0
     149.0      212.0
     337.0      483.0
    1331.0      663.0
     314.0      439.0
     527.0      191.0
     335.0      118.0
     368.0      650.0
     326.0      616.0
     938.0      294.0
     486.0      767.0
     133.0      440.0
     561.0      123.0
    1287.0      147.0
     979.0      467.0
    1089.0      133.0
     439.0      155.0
    1311.0      562.0
    1312.0      244.0
     615.0      709.0
     816.0      346.0
    1302.0      202.0
     336.0      454.0
     502.0      289.0
     801.0      251.0
     628.0      184.0
     783.0      596.0
    1106.0      417.0
     515.0      670.0
     345.0      149.0
     645.0      205.0
     556.0      233.0
    1302.0       63.0
     346.0      520.0
     813.0      159.0
     598.0      433.0
     468.0      171.0
     925.0       10.0
     431.0       84.0
