<?xml version="1.0"?>
<opencv_storage>
<coins type_id="opencv-matrix">
 <rows>500</rows>
 <cols>1</cols>
 <dt>"2f"</dt>
 <data>
     941.0      482.0
     282.0      835.0
     312.0      344.0
     425.0      298.0
     849.0      225.0
     791.0      686.0
     657.0      489.0
     824.0      419.0
     957.0      399.0
     606.0      217.0
     529.0      745.0
     499.0      288.0
    1112.0      687.0
     262.0      773.0
     493.0      749.0
     404.0      778.0
     946.0      740.0
     383.0      409.0
     289.0      302.0
     592.0      480.0
    1059.0      262.0
     484.0      364.0
     373.0      471.0
     858.0      612.0
     954.0      676.0
     836.0      730.0
    1062.0      239.0
     674.0      373.0
     448.0      721.0
     474.0      307.0
     526.0      638.0
    1025.0      654.0
     565.0      346.0
     809.0      286.0
     389.0      288.0
     413.0      679.0
     414.0      642.0
     700.0      530.0
     833.0      654.0
     778.0      799.0
     960.0      259.0
     930.0      295.0
     608.0      713.0
     655.0      651.0
     464.0      735.0
     410.0      800.0
    1138.0      467.0
     698.0      432.0
     281.0      549.0
    1061.0      771.0
     449.0      359.0
     874.0      294.0
     988.0      520.0
    1070.0      277.0
     701.0      758.0
     390.0      649.0
     373.0      676.0
     883.0      371.0
    1148.0      565.0
     446.0      212.0
     655.0      344.0
     670.0      329.0
    1079.0      392.0
     807.0      363.0
     762.0      495.0
     420.0      831.0
    1158.0      469.0
     561.0      665.0
     832.0      375.0
    1012.0      573.0
     483.0      508.0
    1046.0      622.0
     325.0      496.0
     716.0      714.0
     556.0      710.0
    1091.0      555.0
     735.0      657.0
     783.0      243.0
     993.0      314.0
     468.0      822.0
     982.0      768.0
     610.0      331.0
     693.0      328.0
     687.0      711.0
     598.0      652.0
     416.0      223.0
     461.0      538.0
     937.0      506.0
    1140.0      695.0
    1096.0      416.0
     866.0      556.0
     558.0      293.0
     976.0      542.0
    1084.0      308.0
    1015.0      249.0
     945.0      382.0
    1142.0      634.0
     580.0      459.0
     752.0      436.0
     346.0      501.0
    1103.0      318.0
     857.0      274.0
    1140.0      492.0
     854.0      694.0
     484.0      624.0
     969.0      308.0
    1107.0      763.0
     332.0      616.0
     890.0      344.0
     690.0      261.0
     420.0      720.0
    1047.0      536.0
     500.0      770.0
     634.0      706.0
    1055.0      648.0
     504.0      592.0
     303.0      659.0
     902.0      230.0
     265.0      812.0
     282.0      613.0
     474.0      696.0
     810.0      512.0
     834.0      775.0
     662.0      272.0
    1049.0      741.0
     543.0      332.0
     862.0      374.0
    1115.0      743.0
     296.0      637.0
    1149.0      450.0
     627.0      392.0
     955.0      512.0
     890.0      433.0
     990.0      600.0
    1147.0      538.0
    1123.0      424.0
     321.0      808.0
     473.0      388.0
     814.0      715.0
    1013.0      483.0
     791.0      281.0
     873.0      320.0
     530.0      771.0
     287.0      581.0
     931.0      703.0
     354.0      245.0
    1016.0      399.0
    1070.0      584.0
    1114.0      347.0
     441.0      409.0
    1080.0      344.0
     900.0      392.0
     753.0      719.0
    1003.0      607.0
     950.0      622.0
     411.0      580.0
    1113.0      305.0
     846.0      320.0
     825.0      551.0
    1098.0      523.0
     244.0      451.0
     790.0      747.0
     940.0      585.0
     373.0      430.0
     435.0      258.0
     553.0      256.0
     926.0      526.0
     318.0      555.0
     857.0      657.0
     870.0      490.0
     359.0      447.0
     432.0      568.0
     640.0      256.0
    1035.0      361.0
     747.0      509.0
     377.0      817.0
     656.0      459.0
    1019.0      375.0
     281.0      700.0
    1028.0      493.0
     494.0      690.0
     603.0      360.0
     566.0      508.0
     505.0      312.0
     920.0      604.0
     737.0      575.0
     939.0      689.0
     769.0      785.0
     510.0      787.0
     707.0      458.0
     347.0      215.0
     913.0      341.0
     526.0      614.0
     333.0      471.0
     300.0      681.0
     256.0      669.0
    1078.0      256.0
     882.0      251.0
     374.0      223.0
     795.0      721.0
    1070.0      361.0
     687.0      590.0
    1000.0      498.0
     603.0      560.0
     878.0      583.0
    1053.0      396.0
     986.0      352.0
     569.0      237.0
     910.0      502.0
     920.0      666.0
     319.0      270.0
     876.0      402.0
    1068.0      560.0
     600.0      769.0
     930.0      433.0
    1149.0      376.0
     420.0      373.0
     761.0      462.0
    1113.0      582.0
    1053.0      598.0
    1101.0      439.0
     783.0      625.0
     943.0      409.0
     892.0      522.0
     801.0      634.0
     764.0      321.0
     711.0      338.0
     998.0      563.0
     903.0      307.0
     737.0      747.0
    1009.0      429.0
     727.0      804.0
     952.0      546.0
     505.0      371.0
     927.0      634.0
     273.0      268.0
     486.0      474.0
     851.0      588.0
     573.0      631.0
     769.0      761.0
     503.0      541.0
     821.0      629.0
     936.0      542.0
     663.0      597.0
     503.0      449.0
     570.0      322.0
     268.0      231.0
     249.0      246.0
     602.0      522.0
     584.0      383.0
     470.0      442.0
     468.0      785.0
     546.0      373.0
    1138.0      673.0
     659.0      237.0
     465.0      480.0
     296.0      720.0
    1136.0      258.0
    1119.0      479.0
     251.0      364.0
     496.0      411.0
     738.0      336.0
     972.0      642.0
    1101.0      267.0
     676.0      400.0
     781.0      653.0
     882.0      684.0
     673.0      511.0
     696.0      639.0
     783.0      594.0
    1013.0      331.0
    1117.0      327.0
    1021.0      753.0
     333.0      403.0
    1043.0      680.0
    1156.0      508.0
    1059.0      669.0
     888.0      613.0
     262.0      522.0
     956.0      361.0
     908.0      729.0
     648.0      802.0
     827.0      241.0
    1027.0      620.0
     324.0      681.0
     275.0      475.0
     434.0      504.0
     631.0      748.0
     525.0      678.0
     570.0      544.0
    1069.0      318.0
     460.0      755.0
     408.0      460.0
     730.0      490.0
     711.0      414.0
     636.0      659.0
     466.0      237.0
     735.0      685.0
     346.0      543.0
     683.0      471.0
     615.0      799.0
     758.0      741.0
     384.0      760.0
    1079.0      435.0
     236.0      211.0
    1167.0      229.0
     677.0      675.0
     445.0      474.0
     745.0      314.0
     344.0      573.0
     720.0      789.0
     867.0      724.0
    1132.0      765.0
     617.0      493.0
     582.0      699.0
     566.0      594.0
     786.0      303.0
     801.0      554.0
     304.0      388.0
     778.0      519.0
    1090.0      728.0
     639.0      602.0
     337.0      753.0
     622.0      681.0
     702.0      364.0
     996.0      388.0
     472.0      655.0
     678.0      432.0
    1146.0      730.0
     755.0      638.0
     429.0      785.0
     771.0      397.0
    1113.0      451.0
    1013.0      687.0
     658.0      413.0
     434.0      340.0
     826.0      505.0
     964.0      378.0
    1029.0      594.0
    1034.0      713.0
     852.0      425.0
     950.0      282.0
     596.0      447.0
     868.0      534.0
    1078.0      473.0
     539.0      657.0
     935.0      722.0
     819.0      261.0
     858.0      775.0
     801.0      244.0
     521.0      526.0
    1100.0      249.0
     442.0      820.0
     975.0      496.0
     941.0      254.0
     367.0      722.0
    1054.0      374.0
