<?xml version="1.0"?>
<opencv_storage>
<coins type_id="opencv-matrix">
 <rows>500</rows>
 <cols>1</cols>
 <dt>"2f"</dt>
 <data>
     928.0      199.0
     714.0      554.0
     646.0      220.0
     860.0      562.0
     570.0      696.0
     808.0      347.0
     739.0      579.0
     714.0      504.0
     692.0      435.0
     952.0      624.0
     581.0      588.0
     908.0      543.0
     426.0      558.0
     587.0      104.0
     941.0      268.0
     862.0      623.0
     903.0      199.0
     180.0      155.0
     239.0      388.0
     966.0      258.0
     512.0      617.0
     928.0      231.0
     473.0      699.0
     989.0      287.0
     924.0      479.0
     873.0      374.0
     824.0      345.0
     792.0      601.0
     503.0      559.0
     876.0      113.0
     302.0      116.0
     980.0      273.0
     795.0      618.0
     890.0      637.0
     973.0      285.0
     979.0      344.0
     409.0      468.0
     911.0      181.0
     991.0      452.0
     803.0      340.0
     970.0      292.0
     905.0      636.0
     815.0      494.0
     665.0      305.0
    1012.0      507.0
     577.0      367.0
     834.0      109.0
     433.0      594.0
     404.0      725.0
     960.0      270.0
     771.0      188.0
     226.0      505.0
     861.0      270.0
     184.0      319.0
     556.0      526.0
     613.0      692.0
     219.0      450.0
     930.0      551.0
     318.0      198.0
     803.0      128.0
     393.0      465.0
     187.0      370.0
    1025.0      537.0
     194.0      389.0
     699.0      476.0
     607.0      598.0
    1000.0      496.0
     469.0      226.0
     148.0      193.0
     570.0      535.0
     761.0      455.0
     233.0      352.0
     604.0      692.0
     279.0      315.0
     632.0      132.0
     831.0      479.0
     796.0      655.0
     212.0      298.0
     628.0      216.0
     695.0      101.0
     978.0      249.0
     849.0      111.0
     362.0      388.0
     290.0      688.0
     783.0      497.0
     106.0      142.0
     344.0      115.0
     983.0      289.0
     918.0      211.0
     303.0      309.0
     955.0      198.0
     124.0      156.0
     773.0       93.0
     613.0      389.0
     876.0      484.0
     377.0      706.0
     427.0      722.0
     570.0      170.0
     296.0      277.0
    1005.0      615.0
     362.0      217.0
     811.0      655.0
     140.0      180.0
     405.0      230.0
     722.0      261.0
     878.0      632.0
     264.0      529.0
     183.0      254.0
     618.0      674.0
     520.0      653.0
     734.0      638.0
     948.0       90.0
     886.0      145.0
     710.0      538.0
     328.0      474.0
     840.0      416.0
     998.0      389.0
    1035.0      574.0
     134.0      166.0
    1028.0      555.0
     695.0      211.0
     951.0      132.0
     255.0      156.0
     266.0      398.0
     581.0      293.0
     523.0      609.0
     384.0      328.0
     176.0      171.0
     405.0      449.0
     946.0      193.0
     448.0      227.0
    1020.0      529.0
     866.0      343.0
     417.0      382.0
    1032.0      543.0
     995.0      478.0
     909.0      553.0
     784.0      136.0
     487.0      108.0
     563.0      368.0
     926.0      103.0
     724.0      209.0
     615.0      103.0
     768.0      488.0
    1013.0      519.0
    1014.0      581.0
     196.0      181.0
    1031.0      519.0
     962.0      510.0
     661.0      625.0
    1013.0      601.0
     937.0      151.0
     919.0      551.0
     922.0      165.0
     414.0      727.0
     577.0      697.0
     642.0      534.0
     371.0      265.0
     928.0      342.0
     575.0      207.0
     966.0      297.0
     560.0      477.0
     991.0      372.0
     798.0      136.0
     829.0      169.0
     314.0      557.0
     753.0      667.0
     471.0      407.0
     304.0      146.0
     903.0      130.0
     387.0      351.0
     510.0      147.0
     794.0      295.0
     760.0      141.0
     799.0      115.0
     400.0      627.0
     999.0      452.0
    1020.0      567.0
     976.0      211.0
     776.0      206.0
     337.0      312.0
     188.0      285.0
     968.0      154.0
     619.0      424.0
     969.0      216.0
    1002.0      426.0
     990.0      438.0
     609.0      216.0
     965.0      180.0
     374.0      693.0
     447.0      667.0
     903.0      187.0
     508.0      584.0
     405.0      546.0
     255.0      484.0
     833.0      563.0
     189.0      349.0
     761.0      156.0
    1009.0      532.0
     987.0      329.0
     865.0      414.0
     428.0      622.0
     753.0      136.0
     805.0      205.0
    1002.0      465.0
     824.0      131.0
    1000.0      509.0
     499.0      173.0
     354.0      470.0
     146.0      121.0
     413.0      153.0
     953.0      235.0
     779.0      120.0
     954.0      222.0
     674.0      366.0
    1028.0      606.0
    1029.0      511.0
     998.0      343.0
     737.0      353.0
     174.0      271.0
     437.0      220.0
     909.0      482.0
     336.0      494.0
     180.0      120.0
     502.0      187.0
     657.0      681.0
     462.0      354.0
     237.0      240.0
     624.0      365.0
     239.0      142.0
     864.0      200.0
     567.0      446.0
     401.0      427.0
     246.0      265.0
     939.0      170.0
     762.0      208.0
     642.0      192.0
    1011.0      458.0
     199.0      292.0
     992.0      324.0
     353.0      174.0
     352.0      571.0
     220.0      488.0
    1006.0      347.0
    1001.0      438.0
     275.0      652.0
     521.0      708.0
     974.0      188.0
     770.0      659.0
     556.0      461.0
     338.0      163.0
     647.0      561.0
    1019.0      541.0
     292.0      478.0
     489.0      498.0
     745.0      123.0
     943.0      154.0
     789.0       97.0
    1012.0      571.0
     942.0      124.0
    1025.0      546.0
     681.0      285.0
     995.0      349.0
     958.0      113.0
     843.0      343.0
     366.0      119.0
     978.0      307.0
     162.0      282.0
     915.0      481.0
     349.0      148.0
     575.0      108.0
     188.0      216.0
     721.0       95.0
     406.0      384.0
     722.0      588.0
     199.0      229.0
     469.0      382.0
     652.0      436.0
     937.0      222.0
     258.0      480.0
     991.0      247.0
     740.0      427.0
     997.0      380.0
     665.0      286.0
     671.0       96.0
     214.0      245.0
     361.0      716.0
     432.0      190.0
     842.0      233.0
     690.0      678.0
     230.0      117.0
     203.0      412.0
     525.0      302.0
     459.0      303.0
     397.0      138.0
     636.0      688.0
    1035.0      601.0
     675.0      356.0
     775.0      516.0
     920.0      337.0
     645.0      546.0
    1023.0      467.0
     202.0      163.0
     244.0      564.0
     907.0      141.0
     513.0      453.0
     343.0      529.0
     982.0      202.0
     332.0      459.0
     712.0      108.0
     684.0      139.0
    1017.0      487.0
     758.0       99.0
     422.0      529.0
     867.0      107.0
    1022.0      577.0
     972.0      147.0
     989.0      390.0
     952.0      244.0
     643.0      671.0
     882.0      417.0
     975.0      413.0
     781.0      550.0
     283.0      121.0
     764.0      468.0
     812.0      275.0
     708.0      211.0
     507.0      376.0
     164.0      307.0
     172.0      132.0
     662.0      634.0
     712.0      282.0
     994.0      359.0
     920.0      118.0
     803.0      419.0
     827.0      451.0
     350.0      552.0
     162.0      210.0
     912.0      151.0
     731.0      668.0
     972.0      198.0
     610.0      518.0
     538.0      146.0
     861.0       91.0
    1007.0      481.0
     814.0      203.0
     421.0      463.0
     973.0      397.0
     959.0      227.0
     807.0      494.0
     703.0      508.0
     971.0      235.0
     535.0      105.0
     563.0       99.0
     857.0      593.0
     372.0      715.0
     985.0      260.0
