<?xml version="1.0"?>
<opencv_storage>
<coins type_id="opencv-matrix">
 <rows>500</rows>
 <cols>1</cols>
 <dt>"2f"</dt>
 <data>
     437.0       11.0
      69.0      176.0
     888.0       53.0
     347.0      342.0
     247.0      487.0
     905.0      290.0
     765.0      278.0
     938.0      204.0
     977.0      120.0
    1156.0      568.0
     949.0      593.0
    1037.0      517.0
     357.0      375.0
     939.0      232.0
    1121.0      303.0
    1004.0       40.0
    1086.0      624.0
     523.0      544.0
     163.0      572.0
     500.0      405.0
    1033.0       61.0
     154.0      460.0
     920.0      406.0
     996.0      141.0
     983.0      485.0
     536.0      303.0
     403.0      426.0
     323.0      102.0
     778.0      529.0
     697.0       94.0
     765.0      450.0
     494.0      452.0
     866.0       29.0
     115.0      471.0
     951.0      187.0
     478.0       44.0
     310.0       34.0
     456.0      480.0
     378.0       44.0
     664.0      456.0
     325.0      541.0
    1154.0      482.0
     932.0      465.0
     767.0      364.0
     954.0       80.0
     812.0      511.0
     816.0       24.0
     192.0      316.0
     872.0      620.0
    1004.0      166.0
    1027.0      241.0
     824.0        2.0
     827.0      113.0
     634.0       67.0
     791.0      181.0
     931.0      389.0
     858.0      122.0
     471.0       85.0
     858.0      311.0
     490.0      324.0
     977.0      153.0
     213.0       53.0
      15.0      201.0
     243.0        0.0
     687.0      213.0
     910.0      651.0
     213.0      270.0
     238.0      614.0
    1072.0      610.0
     686.0      175.0
     667.0      255.0
    1086.0      430.0
     424.0      160.0
     222.0       85.0
     562.0      511.0
    1023.0      439.0
    1052.0       26.0
    1032.0      383.0
    1032.0       84.0
     104.0      342.0
     645.0      644.0
     377.0      157.0
     648.0      557.0
     896.0      110.0
    1069.0      137.0
     114.0      291.0
     702.0      339.0
     220.0      520.0
     450.0      376.0
     149.0      284.0
     832.0      592.0
     186.0      471.0
     941.0      448.0
     992.0      627.0
    1051.0      378.0
     986.0      556.0
     163.0      170.0
     663.0       57.0
     874.0      477.0
     927.0      294.0
    1042.0      348.0
      72.0      522.0
       0.0      356.0
      31.0      448.0
    1131.0      506.0
     898.0      318.0
      81.0      557.0
     845.0       70.0
    1122.0      665.0
     961.0      433.0
     343.0      631.0
     797.0      374.0
     433.0      411.0
     718.0      574.0
     399.0      138.0
    1030.0      217.0
     994.0       16.0
    1178.0      627.0
     156.0      132.0
     581.0      620.0
     895.0       88.0
     162.0      344.0
    1130.0      478.0
     340.0       77.0
     172.0      442.0
     461.0      174.0
     654.0      385.0
     547.0      359.0
     750.0      341.0
     153.0      312.0
      66.0      478.0
    1157.0      638.0
     810.0      628.0
    1068.0      214.0
    1092.0       35.0
     721.0      382.0
     805.0      581.0
     565.0      340.0
    1114.0      215.0
    1089.0      274.0
     100.0      434.0
     371.0      512.0
     739.0      601.0
     569.0      317.0
     793.0      457.0
    1137.0      120.0
    1129.0      629.0
     668.0      151.0
     791.0      399.0
     917.0       69.0
     474.0      369.0
    1106.0      454.0
    1137.0      406.0
     714.0      193.0
     311.0       79.0
     324.0      493.0
     178.0       49.0
    1046.0      316.0
    1190.0      652.0
     902.0      463.0
     235.0      299.0
     787.0        0.0
     920.0      103.0
     881.0      278.0
     865.0      554.0
     668.0      351.0
     166.0      611.0
      15.0      391.0
     503.0      426.0
    1083.0      481.0
     141.0       28.0
    1104.0       92.0
    1117.0       61.0
      71.0      220.0
     551.0      453.0
     834.0      201.0
     458.0      329.0
     910.0      204.0
    1050.0      232.0
     248.0      423.0
     223.0      495.0
     893.0      132.0
     837.0      393.0
     465.0      580.0
    1112.0      266.0
     385.0      222.0
     662.0      116.0
    1035.0      106.0
     716.0      441.0
     391.0      186.0
    1008.0      221.0
     124.0      534.0
     429.0      329.0
     565.0      250.0
     193.0      421.0
    1077.0      538.0
     730.0      643.0
     954.0      640.0
     234.0      247.0
     590.0       63.0
    1068.0      464.0
     693.0      499.0
    1171.0      539.0
     124.0      133.0
     176.0      374.0
     504.0      572.0
     362.0      252.0
     694.0       41.0
     941.0      542.0
     354.0      136.0
     601.0      463.0
     748.0      505.0
     881.0      331.0
     153.0       75.0
    1077.0      337.0
     936.0      610.0
    1163.0      380.0
     871.0      418.0
    1101.0      231.0
     683.0      303.0
    1122.0      593.0
     526.0      193.0
     676.0      404.0
     860.0      588.0
      94.0      165.0
     587.0       14.0
     598.0      543.0
     867.0       84.0
     557.0      267.0
     368.0      479.0
     908.0      504.0
    1063.0      498.0
    1101.0      602.0
     654.0       33.0
     967.0      221.0
    1061.0      300.0
     643.0      315.0
     725.0      282.0
     272.0       86.0
     711.0      306.0
     488.0        8.0
     769.0       53.0
      15.0      131.0
     981.0      576.0
     957.0      352.0
    1087.0      460.0
     704.0      361.0
     386.0      369.0
     752.0      193.0
     603.0       97.0
      66.0       11.0
     287.0      622.0
       0.0      502.0
    1048.0      476.0
     950.0       23.0
     993.0      414.0
      44.0      528.0
     423.0      448.0
    1031.0      614.0
     334.0      459.0
      12.0      251.0
     292.0      236.0
    1006.0      550.0
    1149.0      652.0
     832.0      283.0
     480.0      502.0
     305.0      517.0
     785.0       74.0
     912.0      537.0
    1098.0      390.0
     617.0       89.0
     994.0      327.0
    1079.0      115.0
     866.0       61.0
     571.0       85.0
     693.0      639.0
     943.0      408.0
       6.0      300.0
     920.0      356.0
    1174.0      476.0
     320.0      260.0
     643.0      362.0
    1082.0      369.0
     554.0      621.0
    1066.0      552.0
     918.0      316.0
       0.0      440.0
     732.0      402.0
     292.0      574.0
     515.0       59.0
     882.0      191.0
    1133.0      200.0
    1087.0      315.0
     202.0      155.0
    1079.0      237.0
     418.0       26.0
    1107.0      544.0
     585.0      506.0
     982.0      191.0
      78.0      600.0
     513.0      168.0
    1147.0      552.0
     743.0      544.0
     892.0      650.0
     842.0      433.0
     892.0      154.0
     730.0       93.0
    1182.0      560.0
     747.0      215.0
     604.0      391.0
     491.0      604.0
     917.0      163.0
     655.0      534.0
     781.0      314.0
     230.0      119.0
      89.0      379.0
     438.0      201.0
      76.0      267.0
     820.0      218.0
    1129.0      577.0
     867.0      519.0
    1068.0      395.0
     107.0       42.0
    1080.0      515.0
     402.0      348.0
     974.0      277.0
     877.0      362.0
     180.0      505.0
     307.0      367.0
    1001.0      290.0
     347.0      192.0
     439.0      294.0
    1027.0      402.0
     238.0      222.0
     769.0      556.0
     900.0      411.0
     657.0      217.0
     552.0      552.0
     852.0      241.0
     123.0      382.0
     849.0      151.0
     914.0      265.0
     570.0      149.0
     317.0      175.0
     714.0      474.0
    1082.0       84.0
    1138.0      362.0
     516.0      319.0
    1063.0      183.0
     397.0        0.0
     901.0       32.0
     579.0      440.0
     640.0      612.0
     809.0      233.0
     286.0      439.0
    1139.0      385.0
     917.0       16.0
