<?xml version="1.0"?>
<opencv_storage>
<coins type_id="opencv-matrix">
 <rows>500</rows>
 <cols>1</cols>
 <dt>"2f"</dt>
 <data>
     264.0      654.0
      53.0      334.0
     291.0      371.0
     362.0      177.0
     858.0      311.0
     991.0      656.0
     372.0       99.0
     474.0      127.0
     439.0      640.0
     214.0      142.0
     283.0      127.0
     338.0      351.0
     473.0      448.0
     607.0      604.0
     918.0      138.0
     897.0      714.0
     330.0       34.0
    1326.0      497.0
    1002.0      199.0
     396.0      319.0
    1340.0       30.0
     652.0      518.0
     328.0      345.0
     348.0      520.0
     907.0      114.0
     587.0      143.0
     375.0      807.0
     935.0      201.0
    1094.0      104.0
    1019.0      314.0
     334.0      119.0
     344.0      279.0
     333.0      539.0
    1011.0      107.0
     191.0      146.0
     392.0      356.0
     287.0       58.0
     620.0      655.0
    1356.0      556.0
     755.0      187.0
     335.0      188.0
     219.0      250.0
     351.0      479.0
     209.0      376.0
     352.0       61.0
     511.0      338.0
     651.0      798.0
     332.0      603.0
     935.0      538.0
     538.0      614.0
     685.0      586.0
     749.0      224.0
    1240.0      744.0
    1099.0       68.0
     757.0      628.0
     464.0      426.0
     389.0      591.0
     410.0      134.0
     914.0      244.0
    1358.0      505.0
     570.0      320.0
     524.0      636.0
     377.0      158.0
     282.0      613.0
     910.0      377.0
     459.0      656.0
     549.0       14.0
    1000.0      135.0
     319.0      517.0
    1359.0      334.0
     831.0      216.0
     496.0      181.0
     558.0       74.0
     274.0      287.0
     403.0      729.0
     265.0      538.0
     374.0      376.0
     839.0      693.0
     627.0      367.0
     844.0      571.0
     968.0       80.0
     796.0      781.0
     308.0      130.0
    1000.0      577.0
     815.0      250.0
    1258.0      548.0
     204.0      531.0
     980.0       94.0
     592.0      361.0
    1238.0      561.0
     553.0      155.0
     423.0      814.0
    1240.0      204.0
     894.0      394.0
    1244.0      288.0
    1335.0      321.0
     315.0      553.0
     711.0      822.0
    1088.0      508.0
     718.0      707.0
     693.0      703.0
     725.0      371.0
     214.0      259.0
     296.0      678.0
     321.0      268.0
    1123.0      432.0
     551.0      519.0
     703.0      613.0
     685.0      661.0
     195.0       13.0
     903.0      448.0
     442.0      528.0
     222.0      168.0
    1297.0      620.0
    1356.0      225.0
     347.0      150.0
     344.0      368.0
     986.0      259.0
     573.0      599.0
     304.0      289.0
     203.0       97.0
     979.0      466.0
     333.0       74.0
     121.0      140.0
    1302.0      203.0
     873.0      537.0
     847.0      475.0
     264.0      681.0
    1085.0      253.0
     181.0      303.0
    1358.0       95.0
     645.0      281.0
     668.0      709.0
     237.0      337.0
     751.0      473.0
    1261.0      690.0
    1299.0      192.0
    1277.0      197.0
     763.0      187.0
     318.0      547.0
     784.0      215.0
     864.0      140.0
     310.0      493.0
     534.0      802.0
     454.0      724.0
    1247.0      710.0
     493.0      579.0
    1225.0       53.0
     535.0       25.0
     686.0      414.0
     732.0      658.0
     897.0      338.0
     573.0      319.0
     322.0      304.0
     398.0      765.0
     135.0      437.0
     316.0       43.0
    1295.0      731.0
     483.0      273.0
     736.0      391.0
     540.0      704.0
    1087.0      482.0
     900.0      417.0
     915.0      587.0
     445.0      419.0
    1233.0      623.0
     367.0      148.0
     426.0      559.0
     537.0      735.0
     924.0      626.0
     336.0      721.0
     557.0      558.0
     510.0       63.0
    1063.0      358.0
    1311.0      243.0
     524.0      397.0
    1302.0      646.0
     574.0      115.0
    1347.0      129.0
     443.0      366.0
     405.0      478.0
     394.0       33.0
     299.0      256.0
     265.0      722.0
     315.0      366.0
     840.0       61.0
     680.0       39.0
     982.0      825.0
     279.0      241.0
     260.0      453.0
     281.0      497.0
     484.0      767.0
     540.0      520.0
    1146.0      458.0
     228.0       28.0
     870.0      709.0
     801.0      821.0
     531.0       41.0
     702.0       25.0
    1288.0       89.0
    1359.0      725.0
    1008.0      567.0
     363.0      549.0
     489.0      616.0
     726.0      310.0
    1338.0      261.0
     466.0       24.0
     557.0      233.0
     950.0      374.0
    1297.0       86.0
     455.0      236.0
     438.0      381.0
    1286.0      250.0
     250.0      245.0
     803.0      323.0
     287.0      379.0
     344.0      593.0
     297.0      409.0
     431.0      336.0
     550.0       95.0
     480.0      675.0
     548.0      603.0
     337.0       54.0
     773.0       45.0
    1240.0      235.0
     484.0      466.0
     453.0      526.0
     389.0      284.0
    1202.0      102.0
     286.0      608.0
     457.0      623.0
     951.0      186.0
    1226.0      371.0
     595.0      468.0
     369.0       75.0
     526.0      190.0
     741.0       76.0
     416.0      464.0
     435.0      491.0
     482.0      369.0
     655.0      454.0
     704.0      356.0
     655.0       57.0
    1287.0      673.0
     591.0       99.0
     795.0      352.0
     868.0      503.0
    1025.0      428.0
     172.0       68.0
     557.0      497.0
     381.0       97.0
     543.0       60.0
    1005.0       14.0
     812.0      341.0
     235.0      456.0
     708.0      428.0
     294.0      644.0
     938.0      294.0
    1323.0      704.0
     849.0      205.0
     906.0      233.0
     848.0      243.0
    1308.0      374.0
    1153.0      143.0
    1028.0      351.0
     331.0      508.0
     277.0      554.0
     311.0      761.0
     435.0      668.0
     344.0      697.0
     432.0      573.0
     674.0      121.0
     892.0      630.0
     702.0      446.0
     924.0       12.0
     344.0      630.0
    1290.0      473.0
     386.0      465.0
    1268.0      495.0
     591.0      495.0
     777.0      535.0
     929.0      752.0
     644.0       20.0
     571.0      514.0
     526.0       28.0
     997.0      604.0
     120.0       82.0
     899.0      579.0
     343.0       69.0
     438.0      789.0
     763.0      817.0
      82.0      378.0
     598.0      434.0
     350.0      334.0
     632.0      184.0
     802.0      474.0
     636.0      454.0
     935.0      486.0
     865.0      648.0
     834.0      826.0
     636.0      529.0
     733.0      524.0
     509.0      236.0
     407.0      503.0
     386.0      180.0
     797.0      255.0
     307.0      670.0
     552.0      767.0
     735.0      315.0
     842.0       23.0
    1357.0       82.0
     729.0      281.0
    1311.0      278.0
     673.0      170.0
     147.0      213.0
     337.0      574.0
     608.0      777.0
     626.0      574.0
    1339.0      352.0
     923.0      304.0
     314.0      439.0
    1285.0      173.0
     233.0      573.0
     755.0      519.0
     972.0      523.0
     670.0      544.0
     166.0      479.0
     264.0      432.0
     562.0      123.0
     664.0      624.0
     275.0      200.0
     366.0      338.0
     562.0      575.0
     275.0       34.0
    1023.0       70.0
     999.0      624.0
    1091.0       83.0
     614.0      708.0
     819.0      193.0
     810.0      736.0
    1106.0      417.0
     502.0      289.0
    1291.0      125.0
     448.0      104.0
     782.0      595.0
    1078.0      117.0
     516.0      671.0
     710.0      469.0
    1047.0      473.0
     813.0      159.0
    1301.0       64.0
    1020.0      252.0
     468.0      172.0
    1327.0      224.0
     471.0       55.0
    1121.0      107.0
    1145.0      327.0
