<?xml version="1.0"?>
<opencv_storage>
<coins type_id="opencv-matrix">
 <rows>500</rows>
 <cols>1</cols>
 <dt>"2f"</dt>
 <data>
     660.0      550.0
    1101.0      317.0
    1150.0      566.0
     379.0      294.0
     540.0      177.0
    1147.0      730.0
     157.0      731.0
    1099.0      712.0
     690.0      499.0
     519.0      298.0
    1059.0      221.0
     148.0      567.0
     191.0      426.0
     462.0      533.0
     937.0      666.0
     280.0      170.0
     268.0      728.0
     335.0      799.0
    1169.0      230.0
     540.0      326.0
     611.0      787.0
    1078.0      305.0
     409.0      575.0
     273.0      340.0
     259.0      478.0
     617.0      710.0
     702.0      289.0
     220.0      608.0
     537.0      626.0
     714.0      783.0
     842.0      549.0
     180.0      531.0
     220.0      216.0
    1057.0      667.0
    1119.0      477.0
     344.0      400.0
     628.0      371.0
    1036.0      645.0
     635.0      641.0
     394.0      264.0
     395.0      796.0
     323.0      221.0
     132.0      399.0
     503.0      496.0
     551.0      686.0
     189.0      285.0
    1002.0      727.0
     758.0      400.0
     671.0      264.0
     842.0      475.0
     686.0      786.0
     526.0      578.0
    1122.0      422.0
    1046.0      714.0
     427.0      796.0
     840.0      508.0
     284.0      538.0
     715.0      616.0
     731.0      743.0
    1120.0      364.0
     472.0      579.0
     231.0      721.0
    1083.0      324.0
    1114.0      326.0
     186.0      464.0
     531.0      792.0
     220.0      153.0
     670.0      298.0
     201.0      167.0
     623.0      483.0
     510.0      332.0
     909.0      444.0
     255.0      360.0
     944.0      635.0
    1006.0      243.0
    1111.0      553.0
     665.0      520.0
    1055.0      768.0
    1010.0      267.0
    1034.0      473.0
    1125.0      287.0
     801.0      723.0
    1006.0      321.0
     812.0      778.0
     995.0      422.0
     586.0      623.0
     471.0      327.0
     541.0      214.0
     245.0      526.0
     677.0      657.0
     879.0      776.0
     210.0      360.0
     463.0      416.0
     810.0      674.0
     184.0      246.0
     468.0      725.0
    1141.0      695.0
     508.0      675.0
    1090.0      637.0
     205.0      558.0
     523.0      192.0
     281.0      426.0
     315.0      558.0
     203.0      337.0
     711.0      760.0
     409.0      322.0
     705.0      412.0
    1101.0      661.0
     277.0      467.0
     361.0      431.0
     635.0      567.0
     726.0      297.0
     167.0      423.0
    1095.0      245.0
     160.0      290.0
     482.0      504.0
     238.0      783.0
     649.0      619.0
     500.0      203.0
     869.0      713.0
     638.0      788.0
     491.0      255.0
     693.0      379.0
     934.0      537.0
     999.0      341.0
     842.0      422.0
     712.0      700.0
    1021.0      292.0
    1123.0      251.0
     355.0      313.0
     173.0      565.0
     986.0      765.0
    1017.0      503.0
     538.0      360.0
     721.0      441.0
     819.0      407.0
     743.0      783.0
     847.0      609.0
     839.0      212.0
    1000.0      682.0
    1101.0      390.0
     985.0      581.0
     646.0      386.0
    1130.0      329.0
     567.0      466.0
     879.0      309.0
    1094.0      472.0
    1061.0      586.0
     917.0      213.0
    1107.0      418.0
     720.0      721.0
    1148.0      539.0
     575.0      296.0
     789.0      457.0
     511.0      604.0
     226.0      446.0
     541.0      493.0
     853.0      568.0
     849.0      740.0
     522.0      237.0
     362.0      498.0
     899.0      656.0
     245.0      310.0
     852.0      685.0
     220.0      633.0
    1127.0      532.0
     959.0      389.0
     734.0      606.0
    1000.0      516.0
     138.0      419.0
     368.0      227.0
     438.0      404.0
    1040.0      346.0
     663.0      221.0
     986.0      668.0
    1074.0      432.0
     208.0      786.0
     471.0      271.0
     314.0      505.0
    1143.0      635.0
     933.0      722.0
     991.0      598.0
     742.0      558.0
     743.0      683.0
     601.0      257.0
     440.0      572.0
     802.0      357.0
     755.0      482.0
     775.0      492.0
     475.0      394.0
    1109.0      304.0
    1047.0      611.0
    1120.0      610.0
    1141.0      492.0
     751.0      261.0
     178.0      696.0
    1000.0      699.0
    1138.0      468.0
     622.0      342.0
    1114.0      266.0
     472.0      440.0
    1063.0      315.0
     883.0      718.0
     212.0      510.0
     618.0      299.0
     788.0      273.0
     298.0      240.0
     879.0      379.0
     451.0      492.0
     808.0      621.0
     141.0      308.0
     585.0      477.0
     739.0      328.0
     549.0      597.0
     828.0      681.0
     404.0      294.0
     866.0      349.0
     758.0      690.0
     945.0      209.0
     919.0      317.0
     863.0      600.0
     506.0      513.0
     651.0      282.0
     794.0      323.0
     736.0      459.0
     939.0      426.0
     789.0      613.0
     984.0      555.0
     759.0      429.0
     443.0      596.0
    1035.0      683.0
    1013.0      768.0
     775.0      307.0
    1015.0      523.0
    1046.0      392.0
     609.0      497.0
     475.0      705.0
     344.0      421.0
     321.0      764.0
     889.0      613.0
     629.0      597.0
    1075.0      340.0
    1131.0      230.0
     339.0      494.0
    1002.0      477.0
     868.0      292.0
    1053.0      257.0
     128.0      221.0
     604.0      461.0
     561.0      378.0
     429.0      329.0
     720.0      366.0
     754.0      732.0
     520.0      724.0
     608.0      618.0
     781.0      778.0
     154.0      506.0
    1063.0      557.0
     971.0      666.0
    1132.0      561.0
    1038.0      425.0
     174.0      747.0
     722.0      474.0
     705.0      738.0
     259.0      192.0
     522.0      263.0
    1086.0      724.0
     887.0      516.0
     860.0      247.0
    1111.0      344.0
     543.0      443.0
     316.0      404.0
    1151.0      451.0
    1002.0      636.0
     881.0      215.0
     444.0      618.0
    1047.0      633.0
     666.0      354.0
     445.0      640.0
    1128.0      396.0
     564.0      655.0
     488.0      308.0
     840.0      710.0
     962.0      469.0
    1120.0      500.0
    1122.0      714.0
    1042.0      323.0
     577.0      723.0
     826.0      641.0
     517.0      425.0
     149.0      154.0
    1060.0      633.0
     477.0      652.0
     437.0      441.0
     167.0      211.0
     490.0      429.0
     362.0      163.0
     941.0      489.0
     909.0      281.0
     865.0      205.0
     568.0      778.0
    1066.0      357.0
     159.0      771.0
    1015.0      649.0
     830.0      740.0
     689.0      416.0
    1091.0      763.0
     250.0      159.0
     731.0      213.0
     279.0      382.0
    1157.0      509.0
     766.0      616.0
     824.0      621.0
     521.0      548.0
     932.0      613.0
     832.0      777.0
     691.0      637.0
     823.0      472.0
     602.0      355.0
     585.0      573.0
     612.0      570.0
     782.0      377.0
    1038.0      216.0
     603.0      429.0
     636.0      319.0
     987.0      241.0
     311.0      170.0
    1160.0      387.0
     932.0      253.0
     606.0      383.0
     941.0      295.0
     707.0      223.0
     739.0      418.0
     244.0      234.0
    1110.0      450.0
     651.0      405.0
     693.0      341.0
     821.0      202.0
     889.0      488.0
     503.0      792.0
     637.0      690.0
     428.0      524.0
    1103.0      363.0
     601.0      314.0
     920.0      770.0
     874.0      578.0
     985.0      683.0
     337.0      252.0
     469.0      625.0
     694.0      665.0
     846.0      303.0
     552.0      305.0
     863.0      419.0
     969.0      503.0
     765.0      202.0
     262.0      606.0
     489.0      342.0
