<?xml version="1.0"?>
<opencv_storage>
<coins type_id="opencv-matrix">
 <rows>500</rows>
 <cols>1</cols>
 <dt>"2f"</dt>
 <data>
     301.0      289.0
     573.0      740.0
     907.0       54.0
    1102.0      598.0
     505.0      568.0
     687.0      281.0
     618.0      459.0
     605.0      514.0
     710.0      331.0
     870.0       53.0
     783.0      756.0
     943.0      154.0
     297.0      179.0
     701.0       66.0
     457.0      270.0
     246.0      698.0
     969.0      375.0
     508.0      765.0
     609.0      648.0
     514.0      120.0
     526.0      660.0
     181.0       74.0
     833.0      123.0
     646.0      361.0
     333.0       74.0
     432.0      130.0
     390.0      620.0
     271.0      475.0
     375.0      432.0
     743.0      764.0
     453.0      225.0
     286.0      322.0
     438.0      158.0
     414.0      291.0
     994.0       45.0
     380.0      561.0
     397.0      197.0
     999.0      406.0
     158.0      417.0
     368.0      553.0
     187.0      414.0
     802.0      435.0
     410.0      340.0
     245.0      358.0
     743.0      603.0
     316.0      373.0
     153.0       74.0
     921.0      705.0
     303.0      716.0
     735.0      295.0
    1108.0      309.0
     640.0      608.0
     462.0      522.0
     696.0      724.0
     933.0      456.0
     713.0      176.0
    1107.0      202.0
     600.0      113.0
     662.0      418.0
     857.0       78.0
     441.0      222.0
     373.0       59.0
     667.0       57.0
     401.0      197.0
     452.0      455.0
     846.0      457.0
     250.0      308.0
     490.0       96.0
    1138.0      619.0
     769.0      255.0
     410.0      471.0
    1148.0      711.0
     330.0      279.0
     620.0      545.0
     431.0      323.0
     613.0      539.0
     350.0      719.0
     927.0      384.0
     388.0      609.0
    1009.0      303.0
     786.0      751.0
     816.0      217.0
     921.0      110.0
     671.0      412.0
     690.0       94.0
     744.0      712.0
     800.0      356.0
    1130.0      635.0
     320.0      598.0
     290.0      210.0
     884.0       45.0
     916.0      167.0
     516.0      419.0
    1102.0      666.0
     673.0      597.0
     389.0      740.0
     681.0      387.0
     335.0      341.0
     746.0      616.0
     996.0      452.0
     290.0      575.0
     205.0      334.0
     332.0      240.0
     829.0      728.0
     866.0      662.0
     947.0      746.0
     201.0      377.0
     708.0      105.0
     908.0      625.0
    1031.0      343.0
     671.0      636.0
     730.0      681.0
     768.0      650.0
     257.0      458.0
     467.0      252.0
     360.0      480.0
     899.0      680.0
     620.0      137.0
     852.0      554.0
     778.0      380.0
     514.0      297.0
     334.0      361.0
     672.0      275.0
     525.0      142.0
     840.0      552.0
     874.0      755.0
     585.0      299.0
     365.0      678.0
     243.0      298.0
     908.0      364.0
     432.0      384.0
     328.0      761.0
     758.0      450.0
     981.0      110.0
     959.0      734.0
     626.0      324.0
     282.0      488.0
     392.0      351.0
     718.0      402.0
    1027.0      502.0
     578.0      307.0
     857.0      655.0
     998.0      291.0
     650.0      582.0
     922.0      319.0
     479.0      288.0
     218.0      566.0
     649.0      219.0
     779.0      245.0
     957.0       67.0
     359.0      134.0
     255.0      192.0
     525.0      685.0
     918.0      658.0
     405.0      632.0
     621.0      344.0
     615.0      779.0
     286.0      125.0
     346.0      368.0
     848.0      513.0
     661.0       57.0
     616.0      766.0
     538.0      288.0
     963.0      388.0
     439.0      681.0
    1119.0       44.0
     871.0       91.0
     456.0      237.0
     555.0      148.0
     842.0      485.0
     696.0      493.0
     963.0      593.0
     804.0      120.0
     762.0      565.0
     499.0      759.0
     672.0      440.0
     891.0      292.0
     424.0       57.0
     626.0      368.0
     611.0      194.0
     855.0      327.0
    1149.0      713.0
     553.0      318.0
     637.0      409.0
     661.0      116.0
     897.0      515.0
     287.0      387.0
     518.0      512.0
     645.0      415.0
     745.0      425.0
     662.0      485.0
    1019.0      455.0
     131.0      149.0
     376.0      742.0
     269.0      496.0
     962.0      310.0
     851.0      153.0
     280.0       96.0
     599.0      131.0
     867.0      716.0
     804.0      658.0
     950.0      595.0
     340.0       99.0
     639.0      549.0
     376.0      530.0
     701.0       69.0
     201.0      409.0
     357.0      414.0
     159.0      130.0
     259.0      510.0
     539.0      343.0
     621.0      617.0
     456.0      327.0
     447.0      466.0
     840.0      241.0
     633.0      100.0
     445.0      475.0
     335.0      772.0
     240.0      461.0
     895.0      489.0
     429.0      719.0
     894.0      704.0
     589.0      282.0
     667.0      538.0
     783.0      323.0
     942.0      126.0
     485.0      300.0
     231.0      281.0
     823.0      139.0
     819.0      572.0
     660.0      655.0
     656.0      216.0
     515.0      143.0
     818.0      644.0
     705.0      730.0
     739.0      117.0
     350.0      380.0
     644.0      672.0
     547.0      476.0
     324.0      782.0
     718.0      376.0
     964.0      382.0
     959.0      766.0
     922.0      557.0
     249.0      708.0
     513.0      553.0
     670.0      609.0
     791.0      388.0
     289.0      665.0
     705.0      293.0
     758.0      237.0
     878.0      346.0
     621.0      743.0
     394.0      769.0
     334.0      754.0
     712.0      722.0
     528.0      220.0
     750.0      296.0
     393.0      266.0
    1105.0      679.0
     787.0      207.0
     391.0      530.0
     326.0      340.0
    1019.0       56.0
     875.0      762.0
     281.0      410.0
     391.0      597.0
     477.0      333.0
     312.0      652.0
     896.0      560.0
     347.0      365.0
     844.0      299.0
     348.0      105.0
     806.0      237.0
     551.0      419.0
     163.0      128.0
     582.0      688.0
     663.0      537.0
     615.0      296.0
     717.0      615.0
     534.0      530.0
     839.0      147.0
     821.0      731.0
     441.0      304.0
     489.0      508.0
     380.0      514.0
     823.0      693.0
     635.0      327.0
     214.0      224.0
     318.0      276.0
     837.0      129.0
     343.0      158.0
     633.0      601.0
     479.0      289.0
     664.0       83.0
     213.0      164.0
     248.0      618.0
     605.0      543.0
     819.0      497.0
     355.0      458.0
     282.0      602.0
     504.0      307.0
     398.0      301.0
     634.0      446.0
     266.0      455.0
    1016.0      251.0
     920.0      527.0
     481.0      194.0
     442.0      247.0
     437.0      484.0
     751.0      495.0
     555.0      534.0
     413.0      375.0
     680.0      242.0
     366.0      298.0
     405.0      520.0
     218.0      601.0
     560.0      291.0
     678.0      703.0
     317.0      145.0
     564.0      264.0
     711.0      700.0
     295.0      544.0
     756.0      521.0
     540.0      415.0
     417.0      299.0
     503.0      760.0
     713.0       66.0
     332.0      206.0
     308.0      634.0
     929.0      306.0
     820.0      235.0
     739.0      288.0
    1144.0      587.0
    1017.0       88.0
    1110.0      681.0
     337.0      109.0
     547.0      517.0
     227.0      173.0
     814.0      485.0
     724.0      343.0
     345.0       95.0
     262.0      349.0
     534.0      554.0
     758.0      674.0
     931.0      576.0
     935.0      251.0
     209.0      190.0
     396.0      275.0
     844.0      449.0
     810.0      414.0
     464.0      709.0
     788.0      218.0
     317.0      648.0
     756.0       38.0
     412.0      458.0
     602.0      133.0
