<?xml version="1.0"?>
<opencv_storage>
<coins type_id="opencv-matrix">
 <rows>500</rows>
 <cols>1</cols>
 <dt>"2f"</dt>
 <data>
     875.0      306.0
     920.0      301.0
     688.0      522.0
     356.0      280.0
    1204.0       59.0
    1208.0      124.0
     310.0      288.0
     926.0       75.0
    1104.0      199.0
     886.0      181.0
     692.0      345.0
     396.0      107.0
    1139.0       90.0
     797.0      410.0
     671.0      107.0
     999.0      515.0
     553.0      683.0
     461.0      297.0
     711.0      422.0
     382.0        1.0
     180.0      586.0
     306.0      240.0
     266.0      236.0
     868.0      371.0
     546.0      305.0
     744.0      198.0
     967.0      259.0
    1086.0      330.0
     762.0      409.0
     484.0      303.0
    1071.0      312.0
     420.0      367.0
     609.0        0.0
     311.0       59.0
    1055.0      447.0
     255.0      618.0
     475.0      691.0
     699.0      224.0
     180.0      762.0
     539.0      565.0
     619.0      285.0
     878.0        9.0
     589.0      302.0
     147.0      768.0
    1032.0      158.0
     852.0      310.0
     790.0        3.0
     753.0      505.0
     711.0      259.0
     991.0      460.0
     561.0        9.0
     473.0      655.0
     662.0       16.0
     315.0      486.0
     805.0       11.0
    1068.0      103.0
     271.0      493.0
     599.0      383.0
     822.0       46.0
    1131.0      293.0
     563.0      608.0
     691.0      403.0
    1074.0       54.0
     593.0      588.0
     912.0      466.0
     434.0      467.0
      66.0      754.0
     938.0      447.0
     340.0      628.0
     377.0      347.0
     988.0      206.0
     212.0      579.0
     623.0      632.0
     355.0      509.0
     386.0      404.0
     517.0      441.0
     625.0       90.0
     851.0      491.0
     730.0       97.0
     731.0      263.0
    1120.0        3.0
     799.0      224.0
     915.0      127.0
    1044.0        3.0
    1134.0       13.0
     488.0      225.0
     348.0      400.0
     651.0      487.0
     832.0      534.0
     637.0      572.0
     608.0      448.0
     738.0      442.0
     801.0      543.0
     659.0      643.0
    1025.0      504.0
     579.0      370.0
     204.0      485.0
     690.0      194.0
     407.0      302.0
     300.0      592.0
      80.0      784.0
     208.0      656.0
     414.0      707.0
     323.0      425.0
     881.0      497.0
     792.0      593.0
     953.0      204.0
     761.0      612.0
     954.0      482.0
     217.0      702.0
    1034.0      430.0
     452.0      254.0
     856.0      223.0
     607.0       80.0
     119.0      651.0
     437.0      313.0
     214.0      381.0
     802.0      622.0
     801.0      115.0
     875.0      598.0
     900.0      598.0
     779.0      543.0
     613.0      354.0
     906.0       74.0
     940.0       92.0
     721.0      371.0
     739.0      462.0
     613.0      255.0
    1057.0      170.0
     379.0      434.0
     967.0      490.0
     282.0      365.0
    1084.0      353.0
     983.0      508.0
     113.0      706.0
     442.0      174.0
     447.0      597.0
    1039.0      408.0
     462.0      565.0
     492.0       43.0
     548.0      188.0
     387.0      497.0
     287.0      542.0
     254.0      751.0
     689.0      594.0
     801.0      527.0
    1260.0       49.0
     116.0      627.0
     380.0      291.0
     446.0      233.0
    1272.0       12.0
     347.0      716.0
    1014.0      256.0
     481.0      447.0
     265.0      141.0
     339.0      668.0
     527.0      467.0
     510.0      688.0
    1166.0      119.0
    1156.0       31.0
     245.0      720.0
     706.0      126.0
     535.0      405.0
     828.0      190.0
    1128.0       46.0
     708.0      479.0
     365.0      481.0
     686.0      559.0
    1017.0      433.0
    1039.0      171.0
     384.0       85.0
    1116.0      133.0
     461.0      510.0
    1120.0      203.0
    1227.0       71.0
     167.0      480.0
     982.0      441.0
     632.0        0.0
     763.0      451.0
     584.0      195.0
     742.0      363.0
     353.0       28.0
     724.0       51.0
    1089.0      278.0
     216.0      418.0
     472.0      540.0
    1008.0      148.0
     639.0      427.0
     832.0      394.0
     812.0       81.0
     374.0      521.0
     611.0      593.0
     586.0      415.0
     880.0      435.0
     657.0      273.0
     388.0       34.0
     328.0      330.0
    1089.0      257.0
     678.0      319.0
     815.0      262.0
     914.0      186.0
     146.0      674.0
     965.0      127.0
    1143.0      184.0
     766.0       75.0
     996.0      223.0
     513.0      263.0
     672.0      510.0
     826.0      566.0
     558.0      116.0
     885.0      375.0
     212.0      330.0
     980.0      560.0
     808.0      375.0
     913.0      344.0
    1088.0       82.0
    1089.0      381.0
     500.0      600.0
     912.0      525.0
     392.0      632.0
     626.0       49.0
     643.0      237.0
     687.0       54.0
     477.0      628.0
    1064.0       29.0
      75.0      725.0
     602.0      421.0
     559.0      354.0
     415.0      613.0
    1083.0        6.0
     560.0      322.0
     439.0       69.0
    1097.0      227.0
    1200.0      103.0
    1065.0      265.0
     279.0      447.0
    1033.0      375.0
     183.0      406.0
     860.0      524.0
     286.0      267.0
     846.0      168.0
     281.0       94.0
     168.0      437.0
     340.0      188.0
     294.0      388.0
     182.0      629.0
     164.0      699.0
     956.0      561.0
    1131.0      155.0
     425.0      222.0
     786.0       87.0
     607.0      533.0
    1038.0      291.0
     745.0       48.0
     516.0      353.0
     852.0      289.0
    1056.0      231.0
     948.0      280.0
     958.0      339.0
     484.0      509.0
     436.0      508.0
     829.0      518.0
     742.0      323.0
    1012.0      566.0
     459.0      472.0
    1178.0       37.0
     515.0      569.0
     999.0       32.0
     520.0      231.0
     885.0      152.0
     580.0      172.0
     742.0       26.0
    1133.0      109.0
     597.0      119.0
     420.0      447.0
    1001.0      330.0
     356.0      677.0
    1234.0       21.0
     739.0      618.0
     216.0      759.0
     406.0      564.0
     255.0      213.0
     566.0      550.0
     427.0      633.0
    1037.0      312.0
     950.0      180.0
     372.0      455.0
    1033.0      330.0
     546.0      644.0
     333.0      387.0
     169.0      504.0
     625.0      536.0
     786.0      150.0
     621.0      122.0
    1240.0       50.0
     983.0      309.0
     706.0      526.0
     856.0      469.0
     247.0      277.0
     370.0      204.0
     695.0      616.0
     447.0       93.0
     933.0      349.0
     455.0      123.0
    1109.0      337.0
     661.0      368.0
     451.0      613.0
     376.0      152.0
     248.0      389.0
     473.0      265.0
    1211.0       13.0
     997.0      127.0
     473.0      582.0
     480.0       27.0
    1089.0      311.0
     501.0      153.0
     764.0      575.0
     704.0      449.0
     716.0      622.0
    1097.0       22.0
    1077.0      424.0
     360.0      107.0
     512.0      300.0
     842.0      452.0
     788.0      357.0
    1004.0        0.0
     724.0      238.0
     216.0      442.0
    1014.0       97.0
     822.0      417.0
     641.0      394.0
     437.0      664.0
     966.0      351.0
     303.0      200.0
     333.0      609.0
    1011.0       48.0
    1087.0      146.0
    1133.0      307.0
    1046.0      209.0
     123.0      669.0
     596.0      641.0
     325.0        3.0
     127.0      548.0
     284.0      418.0
     938.0      408.0
    1188.0       51.0
     334.0      125.0
    1029.0      538.0
     452.0        7.0
    1129.0      179.0
     409.0      474.0
     242.0      582.0
     821.0      109.0
     374.0      232.0
     317.0      651.0
     597.0      220.0
     907.0       36.0
