<?xml version="1.0"?>
<opencv_storage>
<coins type_id="opencv-matrix">
 <rows>500</rows>
 <cols>1</cols>
 <dt>"2f"</dt>
 <data>
     964.0      197.0
    1133.0      707.0
     158.0      640.0
     609.0      613.0
     688.0      638.0
      13.0      724.0
     158.0      146.0
     736.0      512.0
      62.0       71.0
     988.0      637.0
     417.0      466.0
     403.0      640.0
     966.0      164.0
    1032.0      267.0
     820.0       75.0
     111.0      343.0
     842.0      349.0
     119.0      297.0
     235.0      169.0
    1107.0      236.0
     349.0      404.0
     435.0      681.0
     504.0      151.0
     832.0      138.0
     475.0      758.0
     692.0      552.0
    1092.0      532.0
      22.0      346.0
     452.0      404.0
      88.0      376.0
     424.0      504.0
     841.0      452.0
     304.0      183.0
     265.0      271.0
      46.0      291.0
     179.0      395.0
    1021.0      529.0
     988.0      264.0
    1142.0      740.0
     372.0       74.0
     124.0      561.0
     180.0      249.0
     586.0      183.0
     944.0      480.0
     347.0      515.0
     353.0      684.0
    1063.0       48.0
     878.0      460.0
     735.0      702.0
    1146.0      626.0
     810.0      387.0
    1021.0      714.0
    1135.0      599.0
     634.0      407.0
     730.0      614.0
     271.0      763.0
     982.0      461.0
     320.0       66.0
     311.0       99.0
     207.0       92.0
     667.0      691.0
     830.0      106.0
      11.0       84.0
     186.0      109.0
     933.0      500.0
     687.0      140.0
     324.0      338.0
     707.0      460.0
     908.0      158.0
     679.0      379.0
      40.0      404.0
     134.0      633.0
     650.0      773.0
    1032.0      234.0
     173.0      590.0
     889.0      480.0
      74.0       93.0
    1067.0      435.0
     262.0      161.0
     624.0      325.0
    1072.0      625.0
      14.0      627.0
     490.0      187.0
       7.0      769.0
     267.0      557.0
    1090.0      565.0
     837.0      693.0
     754.0       77.0
     854.0      555.0
     626.0      178.0
     109.0      149.0
    1014.0      429.0
      79.0      177.0
     374.0      724.0
     205.0      174.0
     938.0      699.0
    1069.0      160.0
     597.0      119.0
     201.0      355.0
     487.0      691.0
     229.0      745.0
     864.0      359.0
     718.0      282.0
     882.0      169.0
     904.0      621.0
     834.0      571.0
    1031.0      114.0
     108.0      780.0
     333.0      424.0
     193.0      490.0
     939.0      420.0
     484.0      366.0
     245.0      674.0
    1145.0      525.0
    1143.0      414.0
    1039.0      692.0
     866.0      401.0
     317.0      493.0
     971.0      504.0
     832.0      595.0
     560.0      127.0
     879.0      112.0
     775.0      481.0
      80.0      405.0
     675.0      668.0
     606.0      202.0
     611.0      461.0
     627.0      123.0
      95.0      612.0
     265.0      646.0
     387.0      336.0
     365.0      295.0
     746.0      366.0
     519.0      390.0
     753.0      200.0
     864.0      691.0
     349.0      572.0
     646.0      221.0
     445.0      457.0
     928.0      239.0
     117.0      525.0
     881.0      526.0
     901.0      321.0
      97.0      646.0
     361.0      591.0
       6.0      123.0
    1128.0      331.0
     389.0      245.0
     996.0      542.0
     495.0      529.0
     842.0      748.0
     771.0      587.0
    1058.0      760.0
     400.0      516.0
     220.0      444.0
     344.0      269.0
     651.0      656.0
     990.0      437.0
     209.0      782.0
    1113.0      637.0
     534.0      779.0
     826.0       51.0
     212.0      272.0
     552.0      682.0
     513.0      500.0
    1089.0      103.0
     855.0      125.0
     738.0      749.0
     789.0      762.0
     854.0      256.0
     682.0      193.0
     235.0      337.0
     493.0      429.0
    1031.0      584.0
    1038.0       90.0
     291.0      399.0
     808.0      678.0
     524.0      589.0
      55.0      699.0
     203.0      324.0
     674.0       94.0
    1089.0      452.0
     563.0      656.0
     313.0      741.0
    1030.0      180.0
     801.0      566.0
     161.0      706.0
     375.0      158.0
    1043.0      519.0
     715.0      186.0
      91.0      708.0
     727.0      108.0
     826.0      221.0
     238.0      102.0
     204.0      650.0
     771.0      315.0
     256.0      212.0
     803.0      274.0
     633.0      282.0
     484.0      103.0
     584.0       83.0
       7.0      468.0
      40.0      634.0
     721.0      368.0
     881.0      266.0
     298.0      155.0
     895.0       88.0
     507.0      565.0
     664.0      505.0
     664.0      615.0
     804.0      157.0
      36.0      580.0
     138.0      331.0
     426.0      587.0
     950.0       68.0
     219.0      586.0
     551.0      390.0
     661.0      406.0
    1037.0      342.0
     947.0      450.0
     947.0      125.0
     373.0      371.0
     105.0      115.0
     441.0      181.0
    1009.0      399.0
     346.0      348.0
      13.0      608.0
     381.0      552.0
    1005.0      598.0
     232.0      372.0
     808.0      532.0
     450.0      760.0
     726.0      251.0
     410.0      101.0
     154.0      123.0
     498.0      456.0
     729.0      404.0
    1084.0      136.0
     641.0      548.0
       3.0      547.0
     716.0      427.0
     346.0      741.0
     418.0      308.0
     896.0      674.0
     129.0       95.0
    1117.0      279.0
     646.0      465.0
     120.0      209.0
     736.0      465.0
     332.0      154.0
      59.0      203.0
     408.0      435.0
     954.0      665.0
     239.0      287.0
     279.0      704.0
     831.0      632.0
     808.0      589.0
      40.0      477.0
    1112.0      158.0
     586.0      631.0
    1084.0      365.0
     386.0      585.0
    1051.0      415.0
    1092.0      742.0
     535.0      422.0
     210.0      231.0
      45.0      519.0
     358.0      139.0
    1012.0      256.0
     709.0       70.0
     860.0       93.0
     562.0      421.0
      82.0      298.0
      56.0      258.0
     164.0      490.0
     678.0      228.0
      90.0       75.0
     278.0       71.0
     554.0      235.0
     542.0      509.0
    1006.0      282.0
     331.0      647.0
     864.0      665.0
     594.0      425.0
     996.0      682.0
     516.0       78.0
     871.0      426.0
     717.0      556.0
     955.0      383.0
      98.0      562.0
     772.0      155.0
     566.0      208.0
     266.0      300.0
     190.0      549.0
      25.0      448.0
     327.0      699.0
     166.0      464.0
     280.0      141.0
     147.0      362.0
     608.0      515.0
     292.0      215.0
     105.0      502.0
     763.0      264.0
    1147.0      130.0
     586.0      572.0
     870.0      217.0
    1068.0      564.0
     612.0      735.0
     264.0      243.0
     124.0      375.0
     962.0      238.0
     839.0      190.0
     814.0      317.0
     922.0      202.0
     910.0      715.0
     152.0      614.0
     499.0      298.0
     278.0      524.0
    1009.0      500.0
    1079.0      652.0
     787.0      615.0
      28.0      371.0
    1063.0      269.0
      16.0      251.0
     363.0      493.0
    1063.0      353.0
     173.0      686.0
     232.0      196.0
     487.0      390.0
     529.0      212.0
     163.0      520.0
     506.0      322.0
      16.0      404.0
     265.0      730.0
     449.0      315.0
     918.0      563.0
     320.0      527.0
     458.0      687.0
     403.0      204.0
     244.0      596.0
     911.0      444.0
     178.0      329.0
     481.0      505.0
      41.0       88.0
     632.0      584.0
    1027.0      632.0
    1032.0      446.0
     472.0      448.0
    1055.0      246.0
     427.0      160.0
      43.0      777.0
     786.0      190.0
     583.0      476.0
     555.0      179.0
    1046.0      485.0
    1012.0      567.0
    1090.0      257.0
