<?xml version="1.0"?>
<opencv_storage>
<coins type_id="opencv-matrix">
 <rows>500</rows>
 <cols>1</cols>
 <dt>"2f"</dt>
 <data>
     624.0      492.0
     931.0      458.0
    1015.0      551.0
     154.0      286.0
     770.0      448.0
     823.0      483.0
    1073.0      427.0
    1099.0      673.0
     999.0      665.0
     483.0      653.0
     654.0      519.0
     254.0      457.0
     293.0      513.0
     968.0      275.0
     642.0      212.0
     877.0      365.0
     954.0      390.0
     169.0      238.0
     454.0      644.0
     880.0      550.0
     771.0      376.0
     568.0      271.0
     200.0      405.0
     561.0      334.0
     463.0      264.0
    1001.0      584.0
     512.0      544.0
     529.0      646.0
     318.0      618.0
     497.0      636.0
     405.0      709.0
     260.0      399.0
     308.0      234.0
     857.0      568.0
     455.0      806.0
    1045.0      316.0
     815.0      596.0
     348.0      451.0
     119.0      177.0
     456.0      323.0
    1042.0      229.0
     938.0      325.0
     921.0      186.0
     593.0      269.0
     734.0      630.0
     944.0      441.0
     538.0      544.0
     346.0      169.0
    1092.0      391.0
    1095.0      649.0
    1012.0      402.0
     332.0      721.0
     282.0      190.0
     960.0      592.0
     705.0      642.0
     361.0      246.0
     798.0      319.0
     772.0      775.0
    1025.0      753.0
     202.0      543.0
     724.0      699.0
     753.0      264.0
     232.0      450.0
     593.0      561.0
    1037.0      687.0
     547.0      798.0
     962.0      469.0
     875.0      733.0
     287.0      581.0
     492.0      415.0
     228.0      177.0
     919.0      244.0
     530.0      269.0
     580.0      194.0
     623.0      414.0
     314.0      318.0
     666.0      260.0
     799.0      162.0
     862.0      769.0
     606.0      593.0
     708.0      717.0
     819.0      770.0
     361.0      485.0
     522.0      799.0
     633.0      341.0
     753.0      534.0
     392.0      599.0
     983.0      218.0
     970.0      175.0
     623.0      367.0
     433.0      617.0
     928.0      595.0
     144.0      403.0
     401.0      772.0
     901.0      764.0
     545.0      169.0
     736.0      213.0
     320.0      139.0
     882.0      188.0
     780.0      263.0
    1008.0      623.0
     987.0      609.0
     423.0      203.0
     679.0      419.0
     593.0      526.0
     768.0      541.0
     307.0      360.0
     829.0      675.0
     746.0      323.0
     817.0      342.0
     797.0      487.0
    1011.0      721.0
     371.0      456.0
     534.0      450.0
     920.0      620.0
    1095.0      430.0
     304.0      743.0
     380.0      308.0
    1012.0      696.0
     353.0      428.0
     787.0      555.0
     950.0      645.0
     397.0      465.0
     927.0      671.0
     355.0      778.0
    1027.0      317.0
     472.0      165.0
     812.0      387.0
     763.0      643.0
     711.0      782.0
     137.0      161.0
     690.0      219.0
     436.0      190.0
     395.0      186.0
     189.0      136.0
     447.0      230.0
     427.0      810.0
     205.0      357.0
     707.0      757.0
     491.0      506.0
     578.0      318.0
    1001.0      420.0
     534.0      753.0
     879.0      432.0
     816.0      547.0
     669.0      667.0
     420.0      433.0
     625.0      522.0
    1030.0      344.0
     487.0      146.0
     800.0      772.0
     806.0      728.0
     612.0      285.0
     393.0      801.0
     753.0      463.0
    1029.0      171.0
    1021.0      263.0
     894.0      482.0
     372.0      709.0
    1109.0      710.0
     418.0      395.0
    1110.0      728.0
     735.0      603.0
     542.0      232.0
     482.0      464.0
     754.0      294.0
     551.0      398.0
     318.0      656.0
     180.0      581.0
    1054.0      380.0
     818.0      413.0
     303.0      485.0
     206.0      750.0
     945.0      259.0
     830.0      585.0
    1048.0      551.0
     324.0      281.0
     998.0      637.0
     296.0      299.0
     823.0      199.0
     294.0      789.0
     396.0      427.0
     745.0      432.0
     532.0      500.0
    1094.0      533.0
     683.0      295.0
     242.0      497.0
     896.0      350.0
     195.0      204.0
     853.0      468.0
     376.0      498.0
     230.0      628.0
     936.0      418.0
     255.0      652.0
     320.0      764.0
     426.0      507.0
     798.0      444.0
     744.0      560.0
    1034.0      522.0
    1031.0      249.0
     973.0      714.0
     850.0      388.0
     587.0      606.0
     801.0      288.0
     613.0      184.0
     676.0      176.0
     838.0      464.0
     373.0      813.0
     958.0      212.0
    1044.0      721.0
     785.0      715.0
     575.0      443.0
     686.0      243.0
     501.0      205.0
     429.0      555.0
     822.0      286.0
     308.0      389.0
     413.0      630.0
     386.0      696.0
     345.0      638.0
     741.0      157.0
     517.0      573.0
     256.0      580.0
     606.0      309.0
     231.0      515.0
     894.0      720.0
     950.0      575.0
     647.0      393.0
     998.0      568.0
    1083.0      409.0
     253.0      675.0
    1035.0      478.0
     836.0      235.0
     471.0      576.0
     411.0      420.0
     199.0      469.0
     612.0      618.0
     528.0      728.0
    1011.0      526.0
     200.0      577.0
     695.0      177.0
     952.0      554.0
     672.0      785.0
     274.0      468.0
     879.0      249.0
     288.0      683.0
     635.0      265.0
     123.0      236.0
     751.0      377.0
     178.0      515.0
     914.0      430.0
    1000.0      292.0
     694.0      609.0
     837.0      619.0
     672.0      468.0
     757.0      212.0
     978.0      430.0
     844.0      364.0
     691.0      523.0
     181.0      309.0
    1024.0      442.0
    1021.0      583.0
     353.0      675.0
    1036.0      274.0
     341.0      802.0
     482.0      806.0
     389.0      270.0
     563.0      382.0
     907.0      399.0
     801.0      215.0
     555.0      292.0
     997.0      160.0
     219.0      222.0
     377.0      615.0
     532.0      342.0
     366.0      596.0
     447.0      416.0
     944.0      751.0
     503.0      305.0
    1056.0      522.0
     577.0      400.0
     917.0      577.0
     486.0      328.0
     906.0      709.0
     507.0      601.0
    1072.0      744.0
     552.0      472.0
     974.0      563.0
     138.0      308.0
     326.0      431.0
     168.0      411.0
     452.0      168.0
     319.0      526.0
     666.0      229.0
     147.0      201.0
     675.0      730.0
     314.0      191.0
     885.0      461.0
     379.0      394.0
     987.0      755.0
     572.0      769.0
     845.0      580.0
     212.0      792.0
     398.0      359.0
     944.0      720.0
     874.0      652.0
    1048.0      455.0
    1005.0      273.0
     513.0      451.0
     607.0      364.0
     931.0      172.0
     270.0      737.0
     247.0      152.0
     775.0      627.0
     619.0      790.0
     904.0      667.0
     490.0      183.0
     385.0      222.0
    1078.0      453.0
     778.0      234.0
    1074.0      616.0
     540.0      607.0
     855.0      257.0
     668.0      444.0
     587.0      291.0
     904.0      187.0
     195.0      425.0
     713.0      309.0
     856.0      221.0
     929.0      295.0
     854.0      609.0
     682.0      347.0
     707.0      416.0
     196.0      334.0
     601.0      427.0
     280.0      354.0
     401.0      551.0
     991.0      310.0
     336.0      666.0
    1085.0      598.0
     792.0      356.0
     457.0      393.0
     781.0      187.0
    1035.0      611.0
     290.0      152.0
     508.0      272.0
     985.0      263.0
     957.0      288.0
     832.0      531.0
     101.0      138.0
     298.0      258.0
     988.0      194.0
    1035.0      295.0
     916.0      474.0
     340.0      358.0
     260.0      533.0
     955.0      308.0
