<?xml version="1.0"?>
<opencv_storage>
<coins type_id="opencv-matrix">
 <rows>500</rows>
 <cols>1</cols>
 <dt>"2f"</dt>
 <data>
     955.0      715.0
    1005.0      390.0
     819.0      166.0
    1191.0      452.0
     743.0      771.0
     647.0      682.0
     550.0      366.0
     827.0      718.0
    1033.0      577.0
     992.0      339.0
    1089.0      225.0
     599.0      731.0
    1050.0      290.0
    1159.0      307.0
     987.0      258.0
    1068.0      101.0
    1222.0      418.0
     936.0      228.0
     491.0      502.0
     728.0      523.0
     794.0      704.0
    1010.0      189.0
     760.0      222.0
    1070.0      296.0
     490.0      404.0
    1030.0      280.0
     424.0      273.0
     777.0      720.0
    1082.0      249.0
     819.0      608.0
     904.0      446.0
     517.0      820.0
     703.0      721.0
    1202.0      412.0
     642.0      244.0
    1090.0      440.0
     784.0      216.0
    1062.0      688.0
    1036.0      356.0
    1055.0      332.0
     509.0      281.0
    1110.0      157.0
    1057.0      522.0
    1084.0      155.0
     970.0      588.0
     953.0      142.0
     750.0      337.0
    1147.0      377.0
     556.0      458.0
    1021.0      455.0
    1071.0      445.0
     455.0      275.0
    1109.0      443.0
     548.0      678.0
    1152.0      258.0
    1063.0      245.0
    1237.0      638.0
     869.0      583.0
     747.0      299.0
     603.0      319.0
     734.0      326.0
    1008.0      469.0
    1085.0      582.0
     670.0      398.0
    1172.0      385.0
     743.0      230.0
     798.0      659.0
     835.0      351.0
     625.0      588.0
    1200.0      347.0
     865.0      734.0
    1100.0      363.0
     513.0      403.0
    1111.0      286.0
     807.0      722.0
    1137.0      472.0
    1036.0      647.0
     987.0      532.0
     706.0      328.0
     766.0      322.0
     964.0      333.0
     656.0      429.0
     913.0      558.0
     710.0      656.0
     743.0      168.0
     852.0      411.0
     487.0      445.0
     466.0      428.0
     824.0      577.0
     659.0      216.0
     847.0      256.0
    1181.0      567.0
     765.0      584.0
    1000.0      583.0
    1222.0      562.0
    1002.0      164.0
     643.0      146.0
    1195.0      661.0
     975.0      556.0
     878.0      473.0
    1117.0      609.0
     573.0      765.0
     598.0      663.0
     758.0      270.0
     955.0      300.0
    1097.0      279.0
     899.0      237.0
     739.0      658.0
    1135.0      261.0
    1086.0      556.0
    1006.0      235.0
    1231.0      340.0
    1071.0      198.0
     531.0      627.0
    1154.0      471.0
     681.0      781.0
     780.0      546.0
     924.0      393.0
    1144.0      599.0
     832.0      748.0
     559.0      633.0
    1186.0      252.0
     691.0      147.0
     786.0      240.0
     981.0      417.0
     716.0      439.0
     879.0      427.0
     723.0      237.0
     829.0      139.0
     812.0      453.0
     842.0      375.0
     908.0      204.0
     857.0      629.0
    1173.0      465.0
    1037.0      457.0
     587.0      196.0
     519.0      603.0
     784.0      435.0
     727.0      404.0
     812.0      693.0
    1038.0      681.0
     445.0      403.0
     751.0      499.0
     707.0      269.0
     908.0      678.0
    1178.0      595.0
    1215.0      143.0
    1188.0      340.0
     758.0      736.0
    1041.0      314.0
     718.0      611.0
     671.0      541.0
    1110.0      495.0
    1164.0      158.0
     578.0      346.0
     978.0      349.0
     851.0      690.0
    1054.0      551.0
    1036.0      495.0
     495.0      470.0
     804.0      213.0
     956.0      230.0
     456.0      645.0
     490.0      579.0
     534.0      447.0
    1007.0      315.0
     639.0      787.0
     790.0      482.0
    1140.0      407.0
     771.0      514.0
     495.0      153.0
     686.0      591.0
    1205.0      191.0
     887.0      520.0
     645.0      378.0
     515.0      437.0
    1125.0      196.0
     597.0      698.0
     627.0      459.0
     432.0      317.0
     599.0      535.0
     871.0      235.0
     494.0      762.0
    1014.0      122.0
    1127.0      279.0
     914.0      140.0
    1125.0      165.0
     937.0      201.0
     850.0      330.0
    1144.0      167.0
    1212.0      510.0
    1161.0      573.0
     884.0      333.0
     583.0      597.0
     454.0      703.0
     899.0      732.0
    1227.0      285.0
     694.0      412.0
     842.0      559.0
    1079.0      129.0
     577.0      558.0
    1057.0      467.0
     882.0      148.0
     589.0      400.0
    1121.0      568.0
     546.0      769.0
     850.0      231.0
     453.0      607.0
     485.0      673.0
     443.0      182.0
     673.0      355.0
    1104.0      397.0
     584.0      509.0
    1212.0      171.0
    1233.0      532.0
     965.0      245.0
     691.0      514.0
    1183.0      528.0
     460.0      480.0
    1176.0      410.0
     937.0      142.0
     524.0      249.0
     777.0      650.0
     768.0      138.0
    1109.0      340.0
    1089.0      671.0
     796.0      298.0
    1172.0      292.0
     468.0      179.0
     670.0      721.0
    1186.0      610.0
     711.0      502.0
     993.0      617.0
    1231.0      613.0
    1071.0      492.0
    1074.0      571.0
    1241.0      390.0
     409.0      178.0
     898.0      391.0
    1225.0       99.0
    1015.0      533.0
    1125.0      305.0
    1080.0      467.0
    1137.0      625.0
     499.0      642.0
    1186.0      279.0
     475.0      593.0
     805.0      542.0
     617.0      661.0
    1124.0      641.0
     907.0      467.0
     917.0      242.0
    1215.0      268.0
    1213.0      485.0
     748.0      430.0
     970.0      462.0
    1070.0      533.0
    1167.0      500.0
     936.0      307.0
    1005.0      626.0
     532.0      222.0
     942.0      631.0
    1098.0      583.0
    1132.0      231.0
     936.0      277.0
     538.0      816.0
    1171.0      104.0
     767.0      348.0
     742.0      255.0
    1047.0      168.0
     687.0      384.0
    1095.0      192.0
     670.0      273.0
    1170.0      543.0
    1031.0      160.0
    1129.0      522.0
     745.0      603.0
     877.0      257.0
     548.0      281.0
     454.0      229.0
    1015.0      437.0
    1002.0      689.0
    1118.0      137.0
     592.0      454.0
     966.0      397.0
     618.0      499.0
    1140.0      664.0
    1018.0      481.0
    1044.0      237.0
    1112.0      186.0
     656.0      648.0
    1205.0      434.0
     619.0      373.0
     646.0      324.0
     929.0      726.0
     991.0      498.0
    1081.0      317.0
     911.0      614.0
     681.0      562.0
     608.0      571.0
     772.0      768.0
    1067.0      170.0
     930.0      509.0
     889.0      663.0
    1055.0      504.0
     853.0      527.0
    1128.0      380.0
     516.0      785.0
     505.0      521.0
     983.0      122.0
     888.0      303.0
     924.0      575.0
     547.0      703.0
    1202.0      557.0
     712.0      209.0
     983.0      384.0
     883.0      723.0
    1055.0      198.0
    1097.0      520.0
    1218.0      604.0
     933.0      171.0
     461.0      337.0
     733.0      144.0
     589.0      158.0
     790.0      164.0
    1116.0      407.0
     813.0      484.0
     462.0      542.0
    1218.0      537.0
     903.0      591.0
     650.0      456.0
     976.0      282.0
     480.0      798.0
     743.0      478.0
     943.0      433.0
    1138.0      540.0
    1072.0      223.0
     677.0      220.0
     448.0      365.0
     437.0      532.0
     992.0      210.0
     803.0      515.0
    1037.0      390.0
     491.0      310.0
     967.0      629.0
    1005.0      265.0
    1141.0      288.0
     781.0      270.0
     774.0      468.0
     881.0      189.0
     456.0      781.0
     548.0      491.0
     859.0      555.0
    1227.0      378.0
     728.0      574.0
     575.0      657.0
     723.0      676.0
