<?xml version="1.0"?>
<opencv_storage>
<coins type_id="opencv-matrix">
 <rows>500</rows>
 <cols>1</cols>
 <dt>"2f"</dt>
 <data>
     485.0      474.0
     591.0      817.0
     950.0      281.0
     967.0      449.0
     262.0      521.0
     627.0      409.0
     459.0      806.0
     332.0      470.0
    1106.0      555.0
    1106.0      731.0
    1015.0      397.0
     281.0      613.0
     866.0      270.0
     875.0      405.0
    1043.0      688.0
     941.0      583.0
     840.0      791.0
     439.0      809.0
     448.0      722.0
    1090.0      623.0
     574.0      633.0
     483.0      508.0
     775.0      366.0
     485.0      364.0
    1088.0      294.0
     617.0      493.0
     752.0      800.0
     851.0      588.0
     700.0      530.0
     411.0      580.0
     434.0      257.0
     853.0      752.0
     740.0      233.0
     574.0      367.0
     359.0      755.0
     774.0      480.0
     661.0      809.0
     509.0      478.0
     745.0      383.0
     421.0      719.0
     321.0      678.0
     502.0      540.0
     573.0      657.0
    1116.0      326.0
     335.0      781.0
     687.0      590.0
     602.0      251.0
     937.0      741.0
     676.0      302.0
     252.0      591.0
     417.0      759.0
     345.0      501.0
     937.0      542.0
     372.0      332.0
     818.0      519.0
    1098.0      245.0
     569.0      819.0
     778.0      800.0
     836.0      715.0
     713.0      274.0
    1074.0      290.0
     814.0      334.0
     927.0      643.0
    1102.0      466.0
    1061.0      772.0
     446.0      211.0
     931.0      432.0
     982.0      445.0
     658.0      546.0
     826.0      551.0
    1027.0      488.0
    1144.0      589.0
     713.0      804.0
     297.0      477.0
     761.0      366.0
     558.0      293.0
    1070.0      314.0
     308.0      605.0
     313.0      308.0
     249.0      364.0
     854.0      734.0
     858.0      414.0
    1082.0      716.0
     902.0      229.0
    1046.0      663.0
     846.0      321.0
     401.0      691.0
     620.0      297.0
     673.0      388.0
     795.0      316.0
    1075.0      355.0
     689.0      260.0
     931.0      703.0
     711.0      414.0
     465.0      735.0
     957.0      698.0
     868.0      292.0
     655.0      344.0
     655.0      390.0
    1009.0      673.0
     590.0      231.0
     945.0      382.0
     366.0      605.0
    1120.0      234.0
     292.0      514.0
     888.0      613.0
     698.0      432.0
     553.0      256.0
    1011.0      712.0
     900.0      392.0
     303.0      795.0
     586.0      273.0
    1137.0      258.0
     960.0      219.0
     409.0      412.0
     459.0      548.0
     722.0      678.0
     591.0      636.0
     567.0      225.0
     413.0      679.0
     329.0      762.0
    1140.0      492.0
     888.0      220.0
     792.0      671.0
     555.0      378.0
     836.0      275.0
     836.0      251.0
     502.0      613.0
     706.0      457.0
     929.0      456.0
     510.0      417.0
     610.0      331.0
     791.0      280.0
     276.0      306.0
     831.0      737.0
    1119.0      450.0
    1131.0      414.0
     619.0      646.0
     598.0      393.0
    1088.0      224.0
     975.0      608.0
     343.0      361.0
     920.0      667.0
    1102.0      712.0
    1104.0      391.0
     722.0      727.0
     282.0      835.0
     897.0      491.0
     757.0      740.0
     636.0      659.0
     814.0      715.0
     569.0      545.0
     605.0      216.0
    1155.0      508.0
    1149.0      450.0
     761.0      224.0
    1102.0      318.0
     376.0      817.0
    1016.0      250.0
     543.0      394.0
     621.0      388.0
     460.0      338.0
     268.0      346.0
     368.0      697.0
    1006.0      219.0
     383.0      685.0
    1036.0      499.0
     904.0      306.0
     960.0      362.0
    1144.0      285.0
    1127.0      532.0
     903.0      623.0
     381.0      515.0
     412.0      642.0
     686.0      809.0
     761.0      277.0
     253.0      669.0
     663.0      599.0
     296.0      646.0
     815.0      761.0
     926.0      526.0
     892.0      456.0
     604.0      596.0
     831.0      655.0
     407.0      799.0
    1099.0      371.0
     938.0      782.0
     482.0      661.0
     849.0      219.0
     454.0      363.0
     389.0      290.0
     860.0      374.0
     525.0      637.0
     373.0      222.0
     882.0      252.0
     378.0      581.0
     342.0      287.0
     574.0      249.0
     451.0      274.0
     744.0      316.0
     393.0      746.0
    1121.0      641.0
     932.0      306.0
     823.0      475.0
     609.0      713.0
     419.0      473.0
     785.0      767.0
    1160.0      434.0
     959.0      643.0
     331.0      233.0
     952.0      437.0
    1120.0      366.0
     374.0      471.0
    1137.0      467.0
     764.0      321.0
     320.0      579.0
     320.0      209.0
    1010.0      773.0
    1116.0      406.0
     858.0      474.0
     655.0      651.0
     366.0      727.0
     609.0      740.0
    1142.0      634.0
     782.0      652.0
     920.0      264.0
     348.0      216.0
     694.0      414.0
    1149.0      376.0
     547.0      681.0
    1144.0      747.0
     938.0      689.0
     830.0      382.0
     923.0      218.0
     952.0      547.0
     817.0      313.0
     961.0      743.0
     890.0      344.0
     255.0      615.0
     875.0      755.0
    1146.0      730.0
    1044.0      242.0
     649.0      216.0
     347.0      630.0
     879.0      583.0
     405.0      511.0
     900.0      786.0
    1096.0      414.0
     346.0      810.0
     842.0      675.0
     722.0      395.0
     786.0      504.0
     283.0      738.0
     520.0      354.0
     812.0      793.0
     566.0      594.0
     486.0      239.0
     927.0      248.0
    1113.0      515.0
    1133.0      560.0
     263.0      774.0
     777.0      723.0
     949.0      730.0
     640.0      505.0
    1030.0      299.0
     593.0      300.0
     666.0      447.0
     904.0      657.0
     355.0      245.0
     318.0      428.0
     974.0      778.0
     713.0      219.0
     452.0      617.0
     752.0      778.0
     311.0      495.0
     513.0      254.0
     796.0      707.0
     610.0      628.0
    1079.0      255.0
    1140.0      695.0
     474.0      695.0
     934.0      620.0
     846.0      489.0
     792.0      421.0
     656.0      320.0
    1070.0      659.0
    1100.0      350.0
     266.0      459.0
     497.0      328.0
     384.0      408.0
     483.0      755.0
     603.0      693.0
     407.0      439.0
     733.0      685.0
     274.0      267.0
     254.0      495.0
     315.0      558.0
     887.0      314.0
     529.0      824.0
     484.0      624.0
    1159.0      284.0
     858.0      789.0
     264.0      812.0
     603.0      524.0
     451.0      494.0
     632.0      468.0
     748.0      434.0
     660.0      522.0
     556.0      708.0
    1094.0      766.0
     538.0      268.0
     905.0      269.0
     287.0      580.0
     541.0      560.0
     474.0      829.0
     814.0      676.0
     734.0      657.0
     552.0      792.0
     897.0      285.0
     550.0      735.0
     603.0      559.0
     870.0      490.0
     502.0      826.0
     606.0      676.0
     399.0      221.0
     405.0      258.0
     713.0      294.0
     345.0      427.0
    1017.0      283.0
     641.0      255.0
     659.0      411.0
     343.0      571.0
     785.0      460.0
     956.0      572.0
     402.0      362.0
     783.0      595.0
     446.0      586.0
     784.0      626.0
     243.0      261.0
     312.0      411.0
    1123.0      714.0
     365.0      513.0
     720.0      250.0
     632.0      328.0
     441.0      409.0
     896.0      591.0
    1029.0      219.0
     374.0      536.0
     795.0      260.0
     280.0      700.0
     954.0      676.0
     290.0      555.0
     816.0      396.0
     983.0      512.0
     582.0      699.0
    1066.0      225.0
     798.0      226.0
