<?xml version="1.0"?>
<opencv_storage>
<coins type_id="opencv-matrix">
 <rows>500</rows>
 <cols>1</cols>
 <dt>"2f"</dt>
 <data>
      81.0      449.0
     135.0      366.0
     462.0      218.0
     128.0       97.0
     227.0      100.0
     347.0       23.0
     478.0       10.0
      38.0      580.0
     628.0      273.0
     446.0      361.0
     548.0       65.0
     244.0      473.0
     114.0       47.0
     652.0       74.0
     101.0      120.0
     659.0      360.0
     597.0      263.0
     329.0      402.0
     616.0      410.0
     195.0      316.0
     656.0      209.0
     642.0      152.0
     502.0      120.0
     656.0      402.0
     318.0        4.0
     164.0      479.0
      34.0      117.0
     254.0      162.0
     473.0      245.0
     497.0      236.0
     621.0       47.0
     603.0       55.0
     276.0      285.0
     184.0      389.0
      44.0      273.0
      74.0      403.0
     110.0      230.0
     520.0      362.0
     135.0      510.0
     313.0      444.0
     353.0      187.0
     325.0      336.0
     539.0      410.0
     542.0      210.0
     156.0      164.0
     574.0      134.0
     369.0      383.0
     413.0       89.0
     393.0      305.0
     492.0       19.0
     511.0      418.0
     580.0      282.0
     278.0      360.0
     333.0      514.0
       8.0      526.0
     465.0      159.0
     200.0       31.0
     279.0      449.0
     558.0        9.0
     543.0      298.0
     371.0      514.0
     695.0      210.0
     508.0      463.0
     362.0      143.0
     192.0      201.0
     675.0      206.0
     175.0      393.0
     511.0      452.0
     309.0      221.0
      34.0      111.0
     428.0      394.0
     531.0      188.0
      21.0      549.0
     504.0      359.0
     316.0      207.0
      47.0      406.0
     274.0      192.0
     636.0      290.0
     131.0      286.0
     358.0      347.0
     129.0      442.0
      86.0      396.0
     111.0       16.0
     653.0      422.0
     240.0      489.0
     234.0      152.0
     170.0      396.0
     319.0       47.0
     634.0      314.0
     183.0      408.0
     584.0      257.0
     442.0       16.0
     435.0      228.0
     290.0      496.0
      91.0      541.0
     184.0       78.0
     438.0      126.0
     600.0      220.0
     338.0      362.0
     315.0      301.0
     179.0      110.0
     641.0      229.0
     188.0      347.0
     211.0       96.0
      45.0      580.0
     233.0      458.0
      82.0      512.0
     170.0       65.0
     223.0        5.0
      91.0      289.0
     253.0      408.0
     555.0      133.0
     527.0       53.0
     568.0      196.0
     146.0       47.0
      61.0      118.0
     588.0      318.0
     104.0      204.0
      24.0      432.0
     669.0      379.0
     539.0       67.0
     310.0      344.0
     484.0       48.0
      89.0       10.0
     401.0      272.0
     163.0      482.0
     109.0      584.0
      68.0      524.0
     206.0      541.0
     548.0       93.0
     487.0      501.0
     582.0      474.0
     413.0      376.0
     375.0      359.0
     631.0      277.0
     419.0      198.0
     145.0      208.0
     545.0       13.0
     180.0      121.0
     260.0      405.0
     538.0      316.0
     549.0      228.0
     443.0      483.0
      80.0      561.0
     283.0      397.0
     574.0       58.0
     364.0      150.0
     614.0      266.0
     119.0      363.0
     503.0       38.0
     565.0      439.0
     184.0      513.0
     398.0       58.0
     275.0      341.0
     323.0      272.0
     586.0      200.0
     319.0      160.0
     394.0      434.0
     487.0      279.0
     232.0      454.0
     165.0      266.0
     514.0      326.0
     518.0      284.0
     485.0      194.0
     430.0      324.0
     328.0      505.0
     459.0       64.0
     369.0      344.0
     448.0      172.0
     671.0      373.0
     602.0       29.0
     580.0      449.0
     182.0      266.0
     455.0      214.0
     145.0      305.0
      98.0      360.0
     433.0      375.0
     530.0      441.0
     367.0      177.0
     670.0      261.0
     146.0      445.0
     178.0       99.0
     633.0       44.0
     565.0      247.0
     508.0        9.0
     193.0      450.0
     298.0      304.0
     676.0      105.0
     640.0      315.0
     693.0      249.0
     515.0       23.0
     592.0      338.0
     651.0      334.0
     128.0      545.0
     502.0      366.0
     392.0      346.0
     141.0       77.0
     608.0      331.0
     541.0      203.0
     605.0      341.0
     426.0       95.0
     194.0      543.0
     385.0      483.0
     502.0      495.0
     600.0      318.0
     625.0      349.0
     388.0      177.0
     378.0      167.0
      80.0      565.0
     462.0      431.0
     509.0      376.0
       9.0      586.0
     385.0      483.0
     636.0      284.0
     180.0      343.0
     338.0      486.0
     395.0      492.0
     372.0      522.0
     630.0      212.0
     347.0      516.0
     691.0      228.0
     134.0      580.0
     361.0      435.0
      73.0      209.0
     242.0      439.0
     712.0      421.0
     140.0      593.0
     116.0      515.0
      68.0      590.0
     145.0      447.0
     104.0      394.0
     123.0      412.0
      38.0      314.0
     202.0      505.0
     445.0      503.0
     312.0      426.0
     572.0      392.0
     365.0      440.0
     543.0      316.0
     573.0      145.0
     675.0      185.0
     694.0      301.0
     331.0      523.0
     163.0      586.0
     204.0        8.0
     195.0      571.0
     147.0      579.0
      43.0      158.0
       8.0      609.0
     347.0      374.0
     285.0      382.0
     215.0      386.0
     451.0      506.0
     192.0      344.0
     571.0      343.0
     154.0      591.0
     241.0      511.0
     265.0      203.0
     228.0      110.0
     697.0      364.0
      81.0      596.0
      46.0      311.0
      47.0      329.0
     466.0      339.0
     286.0      540.0
     131.0      548.0
     691.0      410.0
      16.0      553.0
     680.0      193.0
     248.0      527.0
     290.0      547.0
     152.0      523.0
     382.0      444.0
     352.0      505.0
     409.0      506.0
     489.0      263.0
       6.0      566.0
     685.0      167.0
     325.0       60.0
      96.0      602.0
     678.0      443.0
     476.0      171.0
     676.0      104.0
     317.0      253.0
     152.0      589.0
     388.0      177.0
     605.0      468.0
     708.0      385.0
     241.0      210.0
     225.0      510.0
     215.0      357.0
     455.0      315.0
     405.0      191.0
     377.0      404.0
     637.0      460.0
     677.0      444.0
      40.0      454.0
     357.0      463.0
     135.0      592.0
     267.0      322.0
     262.0      530.0
     397.0      193.0
     120.0      409.0
     616.0      443.0
     221.0      539.0
     164.0      357.0
     634.0      386.0
     335.0      510.0
      68.0      590.0
     686.0      419.0
     129.0      531.0
     448.0      502.0
      70.0      467.0
      69.0      373.0
     614.0      447.0
      99.0      583.0
     430.0      389.0
     192.0      543.0
     655.0      121.0
     463.0      427.0
     564.0      476.0
     704.0      321.0
     434.0       20.0
     500.0      253.0
     306.0      520.0
     114.0      515.0
     588.0      463.0
     430.0      351.0
     184.0      485.0
     151.0      578.0
      72.0      478.0
     396.0      360.0
     290.0      502.0
     156.0       47.0
     710.0      396.0
     597.0      142.0
     229.0      274.0
     247.0      551.0
     420.0      384.0
     465.0      322.0
     238.0      389.0
     192.0      344.0
       1.0      604.0
     207.0      524.0
     399.0      527.0
     241.0      509.0
     572.0      396.0
     265.0      540.0
     478.0      477.0
     648.0      128.0
     333.0      262.0
     709.0      383.0
     427.0      506.0
      42.0      569.0
     300.0      547.0
     197.0      526.0
     664.0      108.0
