<?xml version="1.0"?>
<opencv_storage>
<coins type_id="opencv-matrix">
 <rows>500</rows>
 <cols>1</cols>
 <dt>"2f"</dt>
 <data>
     980.0      420.0
     960.0      187.0
     603.0       57.0
     440.0      571.0
     301.0      593.0
     672.0       89.0
     614.0      534.0
     879.0      136.0
     790.0      110.0
      52.0      438.0
     977.0      471.0
     231.0      503.0
     360.0       58.0
     554.0      490.0
     775.0       81.0
     637.0       51.0
     600.0       43.0
     967.0      415.0
     321.0      534.0
     344.0      550.0
     986.0      481.0
     510.0       72.0
     968.0      325.0
     434.0      546.0
     980.0      365.0
     676.0      104.0
     611.0      284.0
     501.0       30.0
     266.0      224.0
     614.0       48.0
     441.0      385.0
     943.0       96.0
     678.0      430.0
     579.0      350.0
     924.0      268.0
     992.0      579.0
     962.0      455.0
       1.0      562.0
     545.0      456.0
     192.0      591.0
     143.0       67.0
     969.0      419.0
     716.0       59.0
     205.0       19.0
     743.0       96.0
     971.0      517.0
      32.0      534.0
     848.0       63.0
     884.0      168.0
     663.0       76.0
     773.0      130.0
     578.0       31.0
     188.0      527.0
    1002.0      574.0
     924.0      237.0
      85.0      453.0
     548.0      510.0
     894.0       85.0
     382.0      294.0
     967.0      399.0
     976.0      454.0
     966.0      339.0
     985.0      516.0
     610.0      396.0
     213.0      466.0
     698.0       38.0
     448.0      132.0
     280.0      434.0
     591.0      594.0
     907.0      115.0
     945.0      424.0
     973.0      436.0
     361.0      351.0
     786.0       97.0
      69.0      288.0
     894.0       64.0
     336.0       41.0
     355.0      439.0
     945.0      220.0
      55.0      366.0
     539.0       67.0
     919.0      148.0
     647.0      150.0
     995.0      553.0
     456.0      132.0
     933.0      121.0
     320.0      410.0
      21.0      473.0
     265.0      481.0
     679.0      384.0
     640.0      282.0
     976.0      552.0
     962.0      358.0
     410.0      287.0
     968.0      482.0
     924.0       72.0
     663.0       53.0
     553.0      151.0
     543.0      371.0
     487.0      427.0
     680.0      449.0
     643.0       80.0
     540.0      244.0
     583.0      594.0
     427.0       89.0
     556.0      419.0
     941.0      108.0
     960.0      430.0
     264.0       84.0
      69.0      596.0
     954.0      336.0
     519.0      489.0
     677.0      417.0
     590.0      130.0
     945.0      306.0
     190.0      537.0
     945.0      285.0
     748.0      459.0
     744.0      105.0
       9.0      309.0
     754.0      119.0
     478.0      542.0
     917.0      196.0
     185.0      405.0
     973.0      562.0
     222.0      214.0
     198.0      116.0
       2.0      460.0
     684.0      494.0
     210.0      345.0
     874.0      588.0
     615.0      486.0
     541.0      594.0
     761.0       46.0
     735.0      129.0
     603.0      264.0
     200.0      507.0
     935.0      236.0
     402.0      567.0
     951.0      483.0
     150.0      583.0
     961.0      269.0
     915.0      123.0
     902.0       70.0
     882.0      105.0
     950.0      369.0
     590.0       95.0
     655.0      552.0
     787.0      589.0
     477.0      480.0
     939.0      264.0
     480.0      550.0
     925.0       98.0
     905.0      131.0
     300.0      423.0
     339.0      167.0
     656.0      319.0
      30.0      364.0
     767.0       62.0
     680.0      462.0
     160.0      382.0
     146.0      520.0
     263.0      364.0
     448.0      426.0
     720.0       71.0
     946.0      292.0
     495.0      596.0
     952.0      469.0
     537.0      305.0
     943.0      192.0
     328.0      424.0
     660.0      281.0
     378.0      570.0
     690.0       32.0
     489.0       29.0
     505.0       62.0
     276.0      490.0
     467.0      229.0
     649.0      590.0
     949.0      225.0
     788.0       68.0
     766.0       73.0
     687.0       60.0
     473.0      574.0
     615.0       34.0
     916.0      116.0
     945.0      410.0
     952.0      268.0
      22.0      170.0
     923.0      177.0
     682.0       30.0
     775.0       89.0
     900.0      124.0
     800.0       54.0
     949.0      589.0
     977.0      563.0
     765.0      585.0
     380.0      581.0
     966.0      410.0
     951.0      216.0
     971.0      466.0
     915.0      142.0
     367.0        4.0
     549.0      115.0
     513.0      568.0
     993.0      558.0
     543.0      360.0
     962.0      367.0
     944.0      198.0
     987.0      533.0
     296.0      254.0
     360.0      459.0
     717.0      210.0
     615.0      501.0
     410.0      386.0
     585.0      579.0
     956.0      372.0
     446.0       90.0
     987.0      429.0
     607.0      326.0
     976.0      506.0
     673.0      593.0
     995.0      522.0
     948.0      450.0
     208.0      524.0
     693.0       75.0
     896.0       80.0
     599.0      130.0
     633.0      418.0
     995.0      498.0
     941.0      147.0
     457.0      536.0
     886.0      137.0
     965.0      347.0
     623.0      203.0
     482.0      459.0
     954.0      349.0
     108.0      461.0
     712.0       78.0
     733.0      413.0
     481.0      593.0
     465.0       56.0
     381.0      347.0
     713.0       47.0
     282.0       11.0
     325.0      379.0
      32.0      595.0
     616.0      593.0
     960.0      374.0
     941.0      220.0
     904.0      137.0
     926.0      130.0
     763.0      188.0
     568.0       75.0
      41.0      226.0
     953.0      193.0
     678.0      144.0
     963.0      404.0
     935.0      161.0
     942.0      173.0
     707.0      112.0
     445.0      587.0
     982.0      484.0
     358.0       39.0
     429.0       60.0
     740.0      276.0
     955.0      308.0
     283.0      515.0
     647.0       68.0
     310.0      505.0
     747.0       84.0
     955.0      486.0
     914.0      208.0
     951.0      253.0
     980.0      582.0
     994.0      490.0
     304.0      555.0
     539.0      421.0
     515.0      210.0
     156.0      592.0
     180.0       61.0
     842.0      587.0
     628.0      484.0
     436.0      262.0
     366.0      340.0
     675.0      121.0
     486.0       10.0
     588.0       84.0
     324.0      555.0
      16.0      580.0
     119.0      493.0
     903.0      146.0
     331.0      150.0
     963.0      307.0
     977.0      328.0
     959.0      412.0
     222.0      595.0
     608.0      591.0
     912.0      132.0
     705.0       40.0
     915.0      101.0
     984.0      523.0
     690.0       42.0
     962.0      293.0
     946.0      180.0
     413.0      558.0
     966.0      330.0
     935.0       97.0
      74.0      545.0
     593.0       30.0
     548.0       51.0
     683.0      515.0
     729.0      143.0
     482.0      336.0
     973.0      412.0
     428.0        0.0
     119.0      589.0
     297.0      384.0
     413.0      534.0
     968.0      231.0
     443.0      275.0
     548.0      555.0
     489.0      595.0
     405.0      596.0
     863.0      105.0
     990.0      447.0
     862.0      110.0
     722.0      108.0
     306.0        0.0
     933.0      235.0
     715.0      412.0
     728.0      211.0
     690.0      121.0
     808.0      112.0
     979.0      465.0
      47.0      352.0
     672.0      294.0
     436.0      101.0
     869.0      123.0
     587.0       75.0
     909.0      158.0
     704.0      103.0
     787.0      145.0
     739.0      181.0
     719.0      587.0
     951.0      133.0
     666.0      163.0
     420.0      586.0
     928.0      206.0
     771.0      585.0
     790.0       91.0
     682.0      473.0
     639.0      484.0
     470.0      193.0
     926.0      188.0
     923.0      114.0
     930.0      187.0
