<?xml version="1.0"?>
<opencv_storage>
<coins type_id="opencv-matrix">
 <rows>500</rows>
 <cols>1</cols>
 <dt>"2f"</dt>
 <data>
    1259.0      520.0
    1258.0      700.0
     468.0      368.0
    1019.0      484.0
    1070.0      653.0
     412.0      771.0
    1266.0      576.0
     772.0      449.0
     769.0      493.0
     467.0      800.0
     351.0      505.0
    1036.0      538.0
     739.0      765.0
     861.0      694.0
     806.0      310.0
     863.0      634.0
     772.0      691.0
    1219.0      517.0
    1020.0      457.0
     495.0      318.0
    1227.0      748.0
     305.0      340.0
     905.0      549.0
     357.0      760.0
     309.0      265.0
    1251.0      560.0
     523.0      642.0
     468.0      658.0
    1047.0      453.0
     975.0      482.0
     391.0      413.0
    1074.0      695.0
     517.0      490.0
     493.0      493.0
     603.0      366.0
     282.0      613.0
     543.0      831.0
     595.0      705.0
     669.0      521.0
     961.0      604.0
    1018.0      506.0
    1244.0      411.0
     652.0      548.0
     510.0      804.0
    1165.0      343.0
     720.0      358.0
    1144.0      770.0
     477.0      601.0
     306.0      724.0
    1256.0      724.0
     391.0      685.0
     511.0      379.0
    1153.0      459.0
     640.0      238.0
     970.0      800.0
     515.0      526.0
     470.0      486.0
    1153.0      596.0
     879.0      762.0
    1129.0      553.0
     956.0      832.0
     907.0      595.0
     559.0      808.0
    1131.0      711.0
    1230.0      492.0
     931.0      320.0
     944.0      681.0
     699.0      629.0
     727.0      628.0
     420.0      445.0
     999.0      502.0
     288.0      703.0
     328.0      497.0
     590.0      311.0
    1089.0      724.0
     973.0      746.0
     820.0      473.0
    1203.0      386.0
     613.0      689.0
     939.0      420.0
     795.0      526.0
     515.0      714.0
    1048.0      649.0
     539.0      561.0
    1097.0      555.0
     954.0      537.0
     638.0      504.0
    1059.0      510.0
     861.0      302.0
     522.0      300.0
     743.0      708.0
     768.0      307.0
     577.0      535.0
     856.0      321.0
     487.0      738.0
    1175.0      622.0
     365.0      450.0
    1111.0      541.0
     698.0      688.0
     735.0      828.0
     342.0      361.0
    1134.0      827.0
     444.0      263.0
     727.0      401.0
    1215.0      374.0
     717.0      833.0
     354.0      577.0
    1049.0      791.0
     951.0      341.0
     994.0      759.0
     272.0      778.0
     277.0      817.0
     286.0      581.0
    1201.0      681.0
     795.0      838.0
     375.0      332.0
     339.0      211.0
     883.0      674.0
     465.0      281.0
     861.0      545.0
     708.0      300.0
     883.0      705.0
     745.0      358.0
     543.0      630.0
    1265.0      792.0
     491.0      553.0
     599.0      254.0
     787.0      641.0
     796.0      475.0
     598.0      477.0
    1169.0      425.0
    1171.0      524.0
    1268.0      301.0
    1223.0      620.0
     535.0      481.0
     341.0      620.0
    1175.0      829.0
    1225.0      646.0
    1115.0      434.0
     248.0      220.0
     654.0      354.0
    1113.0      460.0
    1032.0      755.0
     808.0      694.0
     841.0      406.0
    1264.0      809.0
     930.0      569.0
     473.0      536.0
     810.0      611.0
     852.0      561.0
    1221.0      474.0
     539.0      768.0
     434.0      303.0
     276.0      295.0
    1036.0      337.0
     874.0      728.0
    1216.0      415.0
     445.0      813.0
     433.0      591.0
    1002.0      687.0
    1200.0      482.0
     392.0      290.0
     980.0      511.0
     393.0      560.0
     309.0      807.0
     289.0      472.0
     695.0      323.0
     278.0      548.0
     280.0      246.0
    1107.0      822.0
     334.0      708.0
     856.0      764.0
    1137.0      443.0
     380.0      434.0
     581.0      271.0
     434.0      381.0
     841.0      713.0
     444.0      655.0
    1185.0      536.0
     231.0      446.0
     536.0      709.0
    1155.0      304.0
     985.0      721.0
     656.0      586.0
    1023.0      678.0
     288.0      511.0
    1260.0      607.0
     809.0      262.0
     574.0      658.0
     572.0      700.0
     598.0      815.0
     575.0      351.0
     753.0      623.0
     377.0      518.0
     618.0      791.0
    1208.0      803.0
    1001.0      833.0
    1169.0      728.0
    1130.0      529.0
     779.0      284.0
    1224.0      821.0
     624.0      656.0
     863.0      462.0
     534.0      386.0
     461.0      420.0
    1147.0      392.0
    1198.0      739.0
    1037.0      507.0
     431.0      723.0
     578.0      413.0
    1083.0      828.0
     485.0      514.0
    1227.0      356.0
     615.0      618.0
     758.0      465.0
     994.0      392.0
     769.0      327.0
     840.0      778.0
     929.0      734.0
    1204.0      786.0
     349.0      242.0
     635.0      603.0
     625.0      483.0
     936.0      834.0
    1150.0      816.0
     648.0      699.0
    1256.0      447.0
    1124.0      652.0
     985.0      356.0
    1220.0      560.0
    1056.0      729.0
    1055.0      364.0
     883.0      513.0
     833.0      534.0
     675.0      420.0
    1019.0      716.0
     627.0      729.0
     758.0      509.0
     718.0      682.0
     645.0      384.0
     997.0      551.0
    1075.0      464.0
     759.0      745.0
     301.0      639.0
     929.0      639.0
    1118.0      298.0
     235.0      357.0
    1127.0      493.0
    1267.0      538.0
     979.0      661.0
     863.0      666.0
     793.0      589.0
     867.0      840.0
    1036.0      637.0
     703.0      263.0
    1207.0      587.0
    1208.0      505.0
    1187.0      393.0
     458.0      516.0
     765.0      564.0
     435.0      792.0
    1133.0      678.0
     462.0      581.0
    1153.0      707.0
    1076.0      408.0
     335.0      540.0
     709.0      441.0
     606.0      343.0
     254.0      337.0
     321.0      557.0
     298.0      385.0
     793.0      774.0
     255.0      258.0
     833.0      328.0
     688.0      567.0
     458.0      846.0
    1247.0      536.0
     705.0      374.0
     548.0      790.0
     210.0      197.0
    1007.0      777.0
     667.0      606.0
     876.0      789.0
    1261.0      327.0
     931.0      600.0
    1066.0      751.0
    1161.0      798.0
    1184.0      360.0
    1237.0      328.0
     588.0      748.0
     724.0      286.0
    1030.0      594.0
     644.0      416.0
     700.0      594.0
     820.0      504.0
    1231.0      804.0
     454.0      216.0
    1048.0      555.0
     982.0      441.0
    1173.0      648.0
     667.0      835.0
     853.0      798.0
     785.0      814.0
     439.0      486.0
     959.0      300.0
    1037.0      771.0
     926.0      772.0
     797.0      714.0
     642.0      471.0
     677.0      353.0
     564.0      283.0
    1005.0      637.0
     915.0      797.0
    1216.0      774.0
    1198.0      334.0
     946.0      659.0
     641.0      272.0
     919.0      366.0
     917.0      619.0
     310.0      662.0
     728.0      595.0
     972.0      415.0
    1172.0      321.0
     449.0      349.0
     759.0      397.0
    1101.0      478.0
     698.0      514.0
     321.0      227.0
     273.0      657.0
     832.0      675.0
     853.0      342.0
     838.0      436.0
     859.0      500.0
     855.0      823.0
     226.0      234.0
     887.0      636.0
    1074.0      678.0
    1044.0      415.0
     830.0      631.0
    1153.0      737.0
     942.0      460.0
     471.0      326.0
    1145.0      483.0
     951.0      580.0
     560.0      544.0
     733.0      543.0
     505.0      751.0
    1181.0      499.0
     979.0      571.0
     513.0      838.0
     662.0      796.0
     332.0      403.0
     895.0      284.0
    1067.0      569.0
     500.0      455.0
    1089.0      655.0
     411.0      658.0
