<?xml version="1.0"?>
<opencv_storage>
<coins type_id="opencv-matrix">
 <rows>500</rows>
 <cols>1</cols>
 <dt>"2f"</dt>
 <data>
     456.0      606.0
     405.0      626.0
     888.0      510.0
     324.0      476.0
    1012.0      722.0
     753.0      465.0
     615.0      710.0
     314.0      319.0
     741.0      726.0
     351.0      277.0
     446.0      747.0
     147.0      200.0
     723.0      701.0
     254.0      580.0
     568.0      271.0
     535.0      451.0
     964.0      454.0
     326.0      736.0
     685.0      454.0
     217.0      275.0
     969.0      176.0
    1039.0      591.0
    1075.0      327.0
     724.0      763.0
     829.0      583.0
     798.0      497.0
     462.0      650.0
     643.0      253.0
    1073.0      427.0
     877.0      349.0
     670.0      424.0
     667.0      388.0
     945.0      749.0
     477.0      748.0
     709.0      717.0
     562.0      340.0
     580.0      196.0
     933.0      384.0
     498.0      637.0
     403.0      316.0
     348.0      756.0
     446.0      791.0
     195.0      204.0
     801.0      290.0
     816.0      343.0
     448.0      230.0
    1004.0      343.0
    1008.0      391.0
     675.0      176.0
     817.0      548.0
     283.0      190.0
     932.0      569.0
    1095.0      471.0
     752.0      263.0
     260.0      398.0
     677.0      583.0
     395.0      428.0
     799.0      163.0
     527.0      188.0
    1079.0      453.0
     743.0      697.0
     413.0      668.0
     905.0      652.0
     774.0      322.0
     740.0      372.0
     218.0      143.0
     237.0      425.0
    1045.0      634.0
     666.0      716.0
    1057.0      656.0
     922.0      482.0
     932.0      458.0
    1035.0      295.0
     742.0      157.0
     977.0      349.0
     575.0      445.0
     413.0      591.0
     522.0      671.0
     929.0      278.0
    1099.0      673.0
    1079.0      384.0
     453.0      168.0
     994.0      735.0
     674.0      629.0
     732.0      517.0
     620.0      753.0
    1000.0      253.0
     213.0      672.0
     634.0      605.0
     689.0      219.0
     736.0      472.0
     705.0      481.0
     362.0      246.0
     786.0      556.0
    1095.0      635.0
     389.0      269.0
    1056.0      521.0
     308.0      236.0
     359.0      693.0
    1094.0      533.0
     551.0      207.0
     254.0      674.0
     871.0      605.0
     840.0      460.0
     723.0      742.0
     304.0      647.0
     742.0      602.0
     386.0      223.0
     485.0      653.0
     531.0      341.0
     777.0      235.0
     371.0      456.0
     318.0      618.0
     507.0      272.0
     579.0      317.0
     970.0      201.0
    1091.0      504.0
     835.0      407.0
     903.0      719.0
     870.0      308.0
     623.0      414.0
     259.0      334.0
     992.0      310.0
     819.0      701.0
     797.0      320.0
     376.0      763.0
     196.0      334.0
     650.0      448.0
     720.0      176.0
     797.0      580.0
     867.0      466.0
     972.0      376.0
    1000.0      292.0
    1056.0      725.0
     538.0      545.0
     137.0      161.0
     276.0      470.0
     371.0      334.0
     948.0      576.0
     436.0      274.0
     934.0      591.0
    1054.0      380.0
     249.0      727.0
     228.0      177.0
    1010.0      187.0
     542.0      597.0
     968.0      274.0
    1011.0      558.0
     230.0      486.0
     231.0      514.0
     458.0      766.0
    1011.0      527.0
     387.0      696.0
     623.0      365.0
     639.0      507.0
     816.0      756.0
    1021.0      263.0
     775.0      626.0
     611.0      384.0
     181.0      580.0
     620.0      556.0
     495.0      682.0
     868.0      439.0
     232.0      816.0
     591.0      270.0
     708.0      374.0
     901.0      299.0
     798.0      606.0
     715.0      681.0
     871.0      506.0
    1036.0      273.0
     853.0      386.0
     492.0      415.0
     478.0      698.0
     378.0      394.0
    1043.0      503.0
     463.0      288.0
     952.0      540.0
     509.0      744.0
     857.0      221.0
     432.0      662.0
     852.0      356.0
     600.0      426.0
     601.0      782.0
    1030.0      344.0
     294.0      514.0
     922.0      186.0
     962.0      492.0
    1083.0      408.0
     259.0      271.0
     767.0      541.0
     700.0      695.0
     198.0      469.0
     884.0      682.0
     280.0      354.0
     202.0      577.0
    1025.0      752.0
     781.0      186.0
     939.0      325.0
     238.0      780.0
     625.0      490.0
     229.0      351.0
     405.0      709.0
     375.0      434.0
     422.0      503.0
     437.0      725.0
     954.0      309.0
     495.0      559.0
     212.0      792.0
     903.0      359.0
    1042.0      654.0
     615.0      589.0
     889.0      473.0
     326.0      797.0
     735.0      658.0
     352.0      530.0
     893.0      566.0
     119.0      177.0
     797.0      449.0
     780.0      262.0
     377.0      498.0
     174.0      481.0
     522.0      482.0
     576.0      680.0
     983.0      218.0
     799.0      225.0
    1072.0      744.0
     937.0      529.0
     374.0      361.0
     293.0      474.0
     594.0      562.0
     441.0      485.0
     485.0      488.0
     594.0      621.0
     672.0      469.0
     751.0      766.0
    1061.0      288.0
     799.0      520.0
     269.0      787.0
     723.0      595.0
     945.0      241.0
     994.0      593.0
     633.0      780.0
     261.0      535.0
     143.0      404.0
     393.0      600.0
     202.0      543.0
     123.0      236.0
     344.0      610.0
     704.0      777.0
     353.0      429.0
     229.0      627.0
     895.0      593.0
    1007.0      622.0
     314.0      191.0
     865.0      247.0
     707.0      209.0
     741.0      749.0
     861.0      331.0
     138.0      308.0
     416.0      764.0
     998.0      656.0
     612.0      284.0
     277.0      426.0
     409.0      787.0
     744.0      560.0
     797.0      249.0
    1013.0      644.0
     259.0      503.0
     155.0      365.0
     396.0      465.0
     890.0      699.0
     555.0      288.0
     517.0      705.0
     578.0      399.0
     361.0      796.0
     220.0      605.0
     101.0      137.0
     991.0      692.0
     665.0      263.0
     398.0      361.0
    1027.0      507.0
     757.0      212.0
     920.0      614.0
     246.0      152.0
     231.0      304.0
     169.0      238.0
     944.0      443.0
    1095.0      430.0
     658.0      773.0
     473.0      354.0
     403.0      730.0
     313.0      413.0
     558.0      464.0
     632.0      687.0
    1049.0      455.0
     320.0      139.0
     991.0      635.0
     381.0      307.0
     342.0      302.0
     568.0      780.0
     472.0      165.0
     976.0      628.0
    1024.0      371.0
     654.0      333.0
     917.0      692.0
     335.0      209.0
     231.0      693.0
     505.0      601.0
     713.0      309.0
     437.0      189.0
     463.0      264.0
     586.0      349.0
     192.0      507.0
     987.0      755.0
    1078.0      724.0
     487.0      146.0
     964.0      561.0
    1108.0      728.0
     454.0      473.0
     594.0      525.0
     661.0      690.0
     665.0      652.0
     561.0      654.0
     716.0      466.0
     915.0      339.0
     360.0      483.0
     205.0      750.0
     843.0      191.0
     710.0      614.0
     274.0      148.0
     682.0      348.0
     692.0      392.0
     296.0      299.0
     641.0      280.0
     686.0      243.0
     640.0      312.0
     881.0      328.0
     231.0      451.0
     968.0      664.0
     792.0      354.0
     506.0      434.0
     534.0      406.0
     200.0      405.0
     274.0      381.0
     838.0      647.0
    1079.0      165.0
     770.0      754.0
     502.0      340.0
     811.0      266.0
     930.0      507.0
     530.0      523.0
     793.0      767.0
     939.0      351.0
     716.0      401.0
     303.0      696.0
     961.0      332.0
