No match for : orig/checkerboard042.png
No match for : orig/checkerboard087.png
No match for : orig/checkerboard021.png
No match for : orig/checkerboard069.png
Matrix
2470.19085291	0.0	764.129776424
0.0	2466.92562576	454.987314132
0.0	0.0	1.0

Rotations
0.606905668806	0.0436540482475	-0.793574088062
-0.211045935062	0.971495744363	-0.107961252213
0.766240903675	0.233002881435	0.598819283906

0.928170525705	0.246199865545	0.279079023608
-0.093312324233	0.879904136358	-0.465898616618
-0.360266964012	0.406391851574	0.839674566493

0.84137214062	-0.0650521318318	0.536526924891
0.166909665954	0.975477905447	-0.143471319068
-0.514037045746	0.210264300651	0.831597763027

0.97172738254	0.0623819489456	-0.227715582401
-0.136118581849	0.936066512399	-0.324424438106
0.192918702303	0.346248432214	0.9180928044

0.860141278288	0.192174378196	-0.472467977487
-0.311571237135	0.931359018687	-0.188397830404
0.403832075962	0.309256182923	0.860976345638

0.990627512838	0.105250234338	-0.0870604329147
-0.129582767575	0.92570453117	-0.355358167654
0.0431907068152	0.363309109634	0.93066699399

0.941813795512	-0.0977096280524	-0.32162027792
-0.0541327057032	0.900239967663	-0.432015799242
0.331747531651	0.424288615458	0.842569134277

Translations
-8.4336817742
-3.04876930373
32.1648548079

4.00032861492
7.90471846892
59.3082981171

2.27815000321
-6.50215712408
46.0809003965

-10.8237116056
1.36852970542
39.78217925

-5.39528777124
-0.725430094634
24.4463556078

-10.699110772
-4.67877543941
43.1573455721

-13.0679307611
4.8716283241
47.2437265821

total error:  0.0407066288365
