No match for : test1/checkerboard4.png
No match for : test1/checkerboard2.png
No match for : test1/checkerboard9.png
No match for : test1/checkerboard3.png
No match for : test1/checkerboard5.png
No match for : test1/checkerboard6.png
Matrix
2427.33541492	0.0	763.523666253
0.0	2420.5254174	509.325547884
0.0	0.0	1.0

Rotations
0.791974582314	0.14632674235	-0.592760276538
-0.127505843791	0.989088009262	0.0738049438295
0.59709171889	0.0171287596634	0.80199007776

0.998623358026	0.0440123451961	0.0285359821023
-0.0459980221047	0.996260884245	0.0731329780936
-0.025210528885	-0.0743448989018	0.996913870523

0.997130011851	0.047361133057	-0.05906490109
-0.0317295957446	0.969769392493	0.241951561552
0.0687384333477	-0.239383058004	0.968488915436

0.74929874382	0.112589020051	-0.65259107033
-0.128601552806	0.991420543102	0.0233869051067
0.649625302098	0.0664004463733	0.757349290351

Translations
-6.49433929103
-4.26629044528
32.1525993503

-9.41110177398
-5.00948080958
36.0019197749

-6.46978719027
-4.54257760859
34.0138068457

-9.95361529537
-6.07887086238
37.8797239261

total error:  0.174184760753
