<?xml version="1.0"?>
<opencv_storage>
<coins type_id="opencv-matrix">
 <rows>500</rows>
 <cols>1</cols>
 <dt>"2f"</dt>
 <data>
     489.0      463.0
     434.0      139.0
     305.0      154.0
     270.0      508.0
     166.0      551.0
     648.0       89.0
     495.0      417.0
     378.0      334.0
     409.0      334.0
      53.0       40.0
     182.0       27.0
      22.0      284.0
      71.0      264.0
     660.0      123.0
     681.0       75.0
     680.0      153.0
     212.0      254.0
     158.0        1.0
     516.0      289.0
     200.0      500.0
     659.0      253.0
     687.0      423.0
     354.0      152.0
     201.0      526.0
      39.0      235.0
     366.0      262.0
     372.0       21.0
     672.0      344.0
     113.0      401.0
     366.0       55.0
      25.0      413.0
     500.0      221.0
     161.0      196.0
      28.0       19.0
     316.0        1.0
     678.0      234.0
     489.0       92.0
     145.0       98.0
     274.0      378.0
     117.0      479.0
     652.0      432.0
     696.0      263.0
      15.0       56.0
     366.0       75.0
     224.0      391.0
     159.0      528.0
     392.0       17.0
      27.0      286.0
     230.0      300.0
     616.0       38.0
     414.0       16.0
     344.0      137.0
     163.0      398.0
     249.0      298.0
     178.0      361.0
     220.0      541.0
     563.0       29.0
     379.0      487.0
     500.0      472.0
     200.0      178.0
      20.0      484.0
     227.0      490.0
     358.0      491.0
     241.0      389.0
     287.0      107.0
      16.0      477.0
     646.0      137.0
     159.0      383.0
     604.0      291.0
     395.0      481.0
      73.0       97.0
     344.0      290.0
     222.0      291.0
      93.0      453.0
     616.0      198.0
      78.0      345.0
     631.0      307.0
     449.0      288.0
     539.0      381.0
     609.0      140.0
     301.0      319.0
     501.0      305.0
     345.0        2.0
     337.0      373.0
      96.0        6.0
     406.0      443.0
     260.0      203.0
     237.0      122.0
     298.0      232.0
     383.0       22.0
       3.0      478.0
     616.0      392.0
     660.0      322.0
     258.0      214.0
     657.0       46.0
     131.0       72.0
     598.0      329.0
     497.0      220.0
     621.0      390.0
     158.0      244.0
     515.0      456.0
     127.0      423.0
     491.0      194.0
      17.0      515.0
     394.0       77.0
     498.0      204.0
     173.0      343.0
     685.0      279.0
     658.0      318.0
     233.0      505.0
      52.0      456.0
     192.0      529.0
     508.0       22.0
     399.0       23.0
      90.0      476.0
     532.0      141.0
     230.0      478.0
     108.0      501.0
     246.0      391.0
      36.0      352.0
      35.0      239.0
     605.0       43.0
     655.0      296.0
     520.0        5.0
     356.0      481.0
     327.0      294.0
     177.0      193.0
     213.0      292.0
     382.0      508.0
     653.0        0.0
      76.0      143.0
     610.0      286.0
     631.0      172.0
     498.0      401.0
      20.0      128.0
     684.0      379.0
     407.0      179.0
     693.0      299.0
     679.0       38.0
     104.0       43.0
     605.0      316.0
     346.0       13.0
     164.0      114.0
     288.0      239.0
     528.0      422.0
     673.0      403.0
     446.0      123.0
     527.0      475.0
     307.0      476.0
     320.0      255.0
     685.0      440.0
     653.0      299.0
       7.0       76.0
      71.0      169.0
     378.0       27.0
     373.0      106.0
     576.0      303.0
     631.0      159.0
     222.0      136.0
     596.0      406.0
     523.0      446.0
     263.0        4.0
     296.0      118.0
     278.0      355.0
      76.0      268.0
      63.0      173.0
     370.0       92.0
      65.0      235.0
      54.0      151.0
     188.0      320.0
      34.0      327.0
     325.0      485.0
     562.0      209.0
     460.0      174.0
     215.0      506.0
     451.0        6.0
     682.0      275.0
     504.0      202.0
     321.0      486.0
       7.0      287.0
       1.0        5.0
     515.0       37.0
      32.0      149.0
     699.0      436.0
     678.0       24.0
     170.0      341.0
     676.0      259.0
     520.0      246.0
     300.0      349.0
     533.0      371.0
     560.0      218.0
     376.0      400.0
     114.0      425.0
       7.0      384.0
     166.0      415.0
     676.0      389.0
     416.0      503.0
     594.0      129.0
     138.0      257.0
     244.0      383.0
     631.0      428.0
     234.0      477.0
     291.0      204.0
     173.0      350.0
     439.0       16.0
       9.0      172.0
     356.0      270.0
     651.0       47.0
      94.0       50.0
     616.0      345.0
      53.0      239.0
     577.0      403.0
      67.0      160.0
     393.0      175.0
     412.0      135.0
     490.0      334.0
     505.0      339.0
     309.0       25.0
     152.0      397.0
     408.0      225.0
     604.0      294.0
     653.0      285.0
     616.0      384.0
     198.0       55.0
     580.0      185.0
     246.0      248.0
     606.0      131.0
     419.0        0.0
      88.0      423.0
     322.0      437.0
       0.0      502.0
     221.0      449.0
      47.0      546.0
      47.0      216.0
      57.0       13.0
     317.0      339.0
     123.0      396.0
     112.0      505.0
      67.0      166.0
      61.0      138.0
     595.0      312.0
     603.0       68.0
      43.0      472.0
     585.0      402.0
      84.0      540.0
     478.0      461.0
     431.0      270.0
     406.0      507.0
     162.0       59.0
     661.0      284.0
     106.0      148.0
     495.0        3.0
     649.0      295.0
     567.0      321.0
     360.0       80.0
     275.0      233.0
     525.0      339.0
     262.0      393.0
     617.0      426.0
     466.0      222.0
     218.0      343.0
     607.0      266.0
     243.0      177.0
     157.0      240.0
     522.0      167.0
      48.0       69.0
     510.0       18.0
     266.0       64.0
     665.0      319.0
     577.0       87.0
     413.0      337.0
     559.0       77.0
     422.0      125.0
       3.0      106.0
     584.0      433.0
     663.0      321.0
     533.0      444.0
     560.0      455.0
     356.0      482.0
     678.0      261.0
     563.0       33.0
       3.0      330.0
     307.0      307.0
     599.0      164.0
     400.0      319.0
     260.0      286.0
     373.0      311.0
     296.0      217.0
     186.0      505.0
     488.0      436.0
     578.0      287.0
      77.0       14.0
     171.0      122.0
     334.0       22.0
     653.0       82.0
     396.0       35.0
     509.0      128.0
     363.0      405.0
     607.0       53.0
      73.0      535.0
     394.0      308.0
      71.0      313.0
     497.0      178.0
      40.0       36.0
     499.0      291.0
     516.0       38.0
     644.0      391.0
     274.0      203.0
      99.0       18.0
     628.0      392.0
     596.0      326.0
     329.0      120.0
     639.0      370.0
     675.0       19.0
     589.0      215.0
     114.0      392.0
     325.0      485.0
     676.0      208.0
     488.0      179.0
     691.0      351.0
     156.0       25.0
     660.0      234.0
      67.0      103.0
     103.0      433.0
     247.0      284.0
     623.0      374.0
     528.0      226.0
     368.0      200.0
     409.0      223.0
     154.0       44.0
      84.0       12.0
     381.0       96.0
     458.0       26.0
     698.0      278.0
       0.0      448.0
     600.0      329.0
     349.0      505.0
     304.0      445.0
     267.0      217.0
     629.0      121.0
     387.0      229.0
     199.0      133.0
     671.0      396.0
     650.0      351.0
     401.0      341.0
     450.0       81.0
     218.0      440.0
     336.0      253.0
     667.0       38.0
     249.0       11.0
     523.0      431.0
     295.0      303.0
     463.0      482.0
      83.0      231.0
     667.0       21.0
      83.0      506.0
     204.0      525.0
