<?xml version="1.0"?>
<opencv_storage>
<coins type_id="opencv-matrix">
 <rows>500</rows>
 <cols>1</cols>
 <dt>"2f"</dt>
 <data>
     766.0      706.0
     743.0      248.0
     267.0       51.0
     405.0      251.0
     951.0       64.0
     651.0      347.0
     660.0      461.0
    1168.0      183.0
     465.0      123.0
     583.0      394.0
     515.0      400.0
     880.0      444.0
     635.0      243.0
     803.0      610.0
     993.0      462.0
     609.0      764.0
     112.0      636.0
    1058.0       84.0
     623.0      383.0
     702.0      597.0
     449.0      223.0
    1064.0      260.0
    1128.0      244.0
    1151.0      130.0
     454.0      280.0
     851.0      473.0
     823.0      709.0
    1112.0       43.0
    1163.0      272.0
     467.0      499.0
      99.0      745.0
      78.0      676.0
    1066.0      116.0
     745.0      777.0
     474.0      652.0
     923.0      198.0
     810.0      465.0
     428.0      224.0
    1027.0      305.0
     836.0      387.0
     752.0      406.0
     745.0      652.0
     651.0      482.0
     827.0      360.0
     135.0      644.0
     770.0      440.0
     714.0      220.0
     577.0      491.0
     348.0      339.0
    1107.0      195.0
     263.0      740.0
     935.0      559.0
     237.0      230.0
     640.0      426.0
     564.0      317.0
     365.0      464.0
     451.0      618.0
     192.0      591.0
     795.0      206.0
     779.0      725.0
     322.0      391.0
     720.0      705.0
     257.0      260.0
    1001.0      181.0
     619.0      434.0
     842.0      531.0
     984.0      242.0
     373.0      306.0
     251.0      516.0
    1120.0      269.0
     163.0      552.0
    1001.0      409.0
     856.0      290.0
     838.0       53.0
     853.0      439.0
     323.0      498.0
     804.0      298.0
      91.0      695.0
    1051.0      225.0
     525.0      250.0
     185.0      786.0
     277.0       77.0
     698.0      100.0
     504.0      718.0
     857.0      172.0
     253.0      783.0
    1108.0      352.0
     848.0      368.0
    1116.0      524.0
     969.0      177.0
     281.0      297.0
     178.0      325.0
     346.0      158.0
     473.0       79.0
    1169.0      227.0
     724.0      193.0
    1145.0       81.0
     586.0      241.0
     487.0      523.0
     747.0      199.0
     777.0      163.0
     728.0      337.0
     983.0      114.0
     830.0      273.0
    1008.0      441.0
    1158.0      201.0
     527.0      190.0
     537.0      666.0
     621.0      633.0
     843.0      228.0
     499.0      659.0
     549.0       59.0
    1019.0       78.0
    1069.0      462.0
     828.0      180.0
      93.0      783.0
    1145.0       59.0
     713.0       68.0
     891.0       65.0
    1005.0      527.0
    1084.0      153.0
     327.0       78.0
     287.0      381.0
      80.0      564.0
     341.0      449.0
     601.0      481.0
     863.0      617.0
    1076.0      367.0
     462.0       55.0
     962.0      127.0
     430.0      266.0
     569.0       71.0
     536.0      561.0
     800.0      128.0
     354.0      429.0
     321.0      276.0
     654.0      369.0
     251.0      143.0
     289.0      560.0
     528.0      491.0
    1147.0      564.0
    1125.0      382.0
    1071.0      434.0
     624.0      412.0
     235.0      378.0
     350.0      107.0
     286.0      242.0
    1125.0      578.0
     291.0       57.0
     943.0       86.0
     413.0       57.0
    1169.0      583.0
     598.0      517.0
     550.0      142.0
     249.0      301.0
     664.0      509.0
    1142.0      105.0
     671.0      344.0
    1131.0      548.0
     404.0      213.0
     887.0      277.0
    1104.0      445.0
     588.0      652.0
    1133.0      713.0
     553.0      489.0
     698.0      401.0
     205.0      714.0
     246.0      118.0
     607.0       52.0
    1185.0       78.0
     257.0      492.0
     915.0      428.0
     287.0      592.0
     238.0      182.0
     612.0      627.0
    1006.0      315.0
     436.0       59.0
     283.0      158.0
     765.0      493.0
     248.0      421.0
    1146.0      256.0
     564.0      669.0
     959.0      207.0
     384.0      501.0
     906.0      521.0
    1119.0       66.0
     265.0      619.0
     945.0      484.0
     296.0      353.0
     203.0      749.0
    1018.0      397.0
     910.0      142.0
     509.0      494.0
     784.0      265.0
     835.0      321.0
     513.0      768.0
     916.0      461.0
     816.0      484.0
    1035.0      246.0
     873.0      473.0
     393.0      464.0
     151.0      689.0
     582.0       87.0
      77.0      710.0
     724.0      773.0
     261.0      557.0
     575.0      187.0
     585.0      467.0
     671.0      304.0
    1163.0      363.0
     450.0      335.0
     796.0      240.0
     867.0       97.0
     621.0      295.0
     447.0      194.0
    1147.0      431.0
     680.0      478.0
    1059.0      481.0
     911.0      299.0
     787.0      388.0
     980.0      139.0
     870.0      725.0
     916.0       68.0
     485.0      165.0
    1040.0      367.0
     558.0      401.0
    1150.0      328.0
    1020.0      208.0
     868.0      236.0
    1151.0      390.0
     865.0      351.0
     486.0      634.0
     675.0       64.0
     974.0      333.0
     609.0      568.0
     620.0      528.0
    1035.0      277.0
     647.0       89.0
     902.0      249.0
    1110.0      692.0
     258.0      695.0
     326.0      351.0
     877.0      591.0
     915.0      670.0
    1007.0      157.0
     415.0      419.0
     799.0      444.0
     507.0      317.0
     369.0      250.0
     678.0      390.0
     869.0      569.0
     947.0      371.0
     412.0      324.0
     830.0      127.0
    1055.0       43.0
     750.0      476.0
     591.0      289.0
     799.0      422.0
    1081.0      686.0
     667.0      136.0
     535.0      124.0
     473.0      675.0
     481.0      416.0
     378.0       93.0
    1009.0      253.0
     952.0      632.0
     998.0      385.0
     778.0      307.0
    1134.0      288.0
     194.0      665.0
     793.0      704.0
     862.0      266.0
     642.0      210.0
     265.0      236.0
     926.0      345.0
     563.0      772.0
     355.0      191.0
     841.0      722.0
     843.0      418.0
    1195.0      488.0
     247.0      192.0
     321.0      189.0
     666.0      281.0
     922.0      618.0
     966.0      389.0
     629.0       73.0
     355.0      128.0
     248.0      396.0
     499.0       51.0
     577.0      272.0
    1031.0      147.0
    1080.0      309.0
     479.0      721.0
     810.0      531.0
     705.0      487.0
     743.0      454.0
     159.0      664.0
     958.0      464.0
    1081.0      225.0
     442.0      443.0
    1031.0      112.0
     310.0      476.0
     461.0      395.0
    1170.0      135.0
     705.0      534.0
     998.0      204.0
     712.0      370.0
     488.0      243.0
    1161.0      467.0
     682.0      178.0
     149.0      783.0
     683.0      273.0
     704.0      647.0
     287.0      277.0
     540.0      366.0
    1130.0      412.0
     315.0      321.0
     595.0      727.0
    1105.0      252.0
     694.0      353.0
     705.0      620.0
     820.0       83.0
     347.0      248.0
     228.0      676.0
     544.0      468.0
    1125.0      677.0
     958.0      422.0
     512.0      137.0
    1008.0      135.0
     760.0      187.0
     480.0      137.0
    1062.0      404.0
     810.0      647.0
     551.0      584.0
     654.0      172.0
     924.0      581.0
     268.0      667.0
     613.0      743.0
    1126.0      610.0
     499.0      547.0
     150.0      594.0
     806.0      555.0
    1021.0      418.0
     129.0      617.0
     782.0      343.0
     763.0      605.0
     186.0      343.0
     662.0      406.0
     865.0      533.0
     598.0      144.0
    1081.0      185.0
     549.0      641.0
     394.0      178.0
     873.0      386.0
    1181.0      349.0
     276.0      426.0
     376.0      229.0
