<?xml version="1.0"?>
<opencv_storage>
<coins type_id="opencv-matrix">
 <rows>500</rows>
 <cols>1</cols>
 <dt>"2f"</dt>
 <data>
    1037.0      396.0
     278.0       96.0
     612.0       56.0
     410.0      456.0
     760.0      203.0
     614.0       92.0
     819.0      462.0
     234.0      739.0
     225.0      598.0
      50.0      157.0
     191.0      292.0
     173.0      231.0
    1003.0      341.0
     724.0      263.0
    1014.0      469.0
     236.0      120.0
      32.0      363.0
     676.0      691.0
     300.0      111.0
     784.0      583.0
     948.0      376.0
     505.0      777.0
     641.0      513.0
     514.0      125.0
      51.0       70.0
     698.0      294.0
     151.0      326.0
     459.0      445.0
    1043.0      259.0
     812.0      113.0
     735.0      165.0
     246.0      298.0
     799.0      717.0
     272.0      609.0
     433.0      311.0
     653.0      436.0
     758.0      567.0
     879.0      638.0
     368.0      585.0
     336.0      241.0
     453.0      581.0
     956.0      388.0
    1032.0       73.0
    1034.0      451.0
     616.0      505.0
     777.0      708.0
     875.0      504.0
     203.0      582.0
     659.0      552.0
     112.0      466.0
     954.0      216.0
     456.0       93.0
      79.0      231.0
     245.0      424.0
    1053.0      356.0
     253.0      264.0
     871.0      276.0
     958.0       92.0
     576.0      460.0
     984.0      320.0
     736.0      210.0
     220.0      526.0
     808.0      194.0
     573.0      615.0
     362.0      576.0
     231.0      168.0
    1028.0      473.0
     919.0      207.0
     732.0      189.0
     654.0      385.0
     445.0      693.0
     294.0      178.0
     260.0      644.0
     763.0      769.0
     784.0      455.0
     861.0       63.0
     366.0       82.0
     522.0      421.0
     812.0      218.0
     679.0      201.0
     191.0      353.0
     781.0      351.0
     789.0       73.0
     571.0      627.0
     305.0      491.0
     425.0       64.0
     513.0      720.0
     405.0      274.0
     257.0      693.0
     237.0      288.0
     505.0      236.0
     468.0      456.0
    1137.0      701.0
     761.0      680.0
     791.0      556.0
     625.0      312.0
    1024.0      161.0
     322.0      569.0
     205.0      308.0
     482.0      644.0
     267.0      461.0
     227.0      393.0
     819.0      506.0
     931.0      118.0
    1143.0      592.0
     937.0      433.0
     926.0      462.0
     468.0      363.0
     160.0      356.0
     923.0      165.0
     771.0      138.0
     384.0       57.0
     821.0       88.0
     681.0      495.0
     887.0      106.0
     374.0      619.0
    1050.0      308.0
     786.0      534.0
     325.0       60.0
     483.0      373.0
     995.0      649.0
     234.0       79.0
     486.0      669.0
     371.0      301.0
     872.0      564.0
     292.0       77.0
     807.0      148.0
     753.0      695.0
     401.0      722.0
     300.0      524.0
     840.0      293.0
     273.0      191.0
     439.0      208.0
     205.0      181.0
     656.0      307.0
     332.0      205.0
     623.0      367.0
     501.0      393.0
     774.0      190.0
     350.0      567.0
     406.0      187.0
     512.0      358.0
     630.0      749.0
     724.0      146.0
     262.0      760.0
     837.0      322.0
      40.0      132.0
     260.0       56.0
    1106.0      589.0
     746.0      547.0
     412.0      137.0
     545.0      326.0
     532.0       82.0
     962.0      569.0
     349.0      767.0
     292.0      649.0
     309.0      210.0
     497.0      405.0
     296.0      660.0
     148.0      147.0
     889.0      360.0
     895.0      619.0
     423.0      127.0
     237.0      534.0
     299.0      417.0
     577.0      735.0
     739.0       78.0
     876.0      128.0
     759.0      275.0
     779.0      409.0
     944.0      438.0
     307.0      150.0
    1126.0      668.0
     420.0      340.0
     966.0      345.0
     713.0      593.0
     676.0      492.0
     605.0      548.0
     753.0       97.0
     481.0      481.0
     790.0      125.0
     853.0      719.0
     742.0      765.0
     796.0      246.0
     480.0      182.0
     332.0      601.0
    1006.0      504.0
     756.0      457.0
     723.0      483.0
     395.0      512.0
     586.0      534.0
     502.0      549.0
     927.0      719.0
     304.0      248.0
     218.0      620.0
     966.0      589.0
     584.0      771.0
     713.0      406.0
     739.0      152.0
     235.0      368.0
     796.0      362.0
     933.0      561.0
     400.0       93.0
     235.0      382.0
     599.0      408.0
     231.0      311.0
     490.0      498.0
     241.0      239.0
     503.0      303.0
     583.0      231.0
     328.0      265.0
     290.0      381.0
     249.0      784.0
     464.0      213.0
     846.0      626.0
     189.0      104.0
     532.0      754.0
     650.0      670.0
     167.0      332.0
     287.0      153.0
     807.0      171.0
     481.0      565.0
     353.0      680.0
     361.0      138.0
     377.0      670.0
     219.0      676.0
     191.0      570.0
     632.0      139.0
    1046.0      191.0
     429.0      247.0
     944.0      635.0
     302.0      738.0
     820.0       53.0
    1075.0      322.0
     225.0      259.0
     829.0      417.0
     186.0      245.0
     264.0      352.0
     231.0      159.0
     219.0       73.0
    1132.0      360.0
     444.0      261.0
     354.0      370.0
     838.0      650.0
     962.0      138.0
     451.0      317.0
     262.0      522.0
     551.0      769.0
     280.0      505.0
     663.0      522.0
     807.0      322.0
     384.0       87.0
     338.0      191.0
     928.0       52.0
     788.0       98.0
     241.0      594.0
     827.0      234.0
     236.0       49.0
     352.0      316.0
     996.0      147.0
     491.0      538.0
     835.0      482.0
    1053.0      379.0
     331.0      494.0
     798.0      173.0
      75.0      198.0
     281.0      379.0
     280.0      163.0
     229.0      702.0
     556.0      147.0
     637.0      165.0
     427.0      214.0
     571.0      201.0
     234.0      235.0
     349.0       70.0
    1131.0      541.0
     317.0      242.0
     987.0      106.0
     611.0      442.0
     320.0       65.0
     118.0      336.0
     528.0      681.0
     425.0      501.0
     199.0      317.0
     476.0      669.0
     767.0      642.0
     501.0      511.0
     760.0       74.0
     237.0      748.0
     732.0      716.0
     793.0      150.0
     943.0      271.0
     245.0      570.0
     347.0      100.0
     374.0      569.0
     727.0      315.0
     883.0      453.0
     507.0      639.0
     984.0      416.0
     243.0      718.0
     572.0      474.0
     277.0      476.0
     686.0      617.0
     696.0      588.0
     741.0      523.0
     715.0      450.0
     877.0       68.0
     923.0      195.0
     387.0      707.0
     699.0      640.0
     497.0      587.0
     663.0      748.0
    1051.0      236.0
     405.0       86.0
     692.0      106.0
     883.0      537.0
     412.0      741.0
    1028.0      423.0
     886.0      755.0
     979.0      274.0
     739.0      617.0
    1117.0      426.0
     301.0      626.0
     429.0      409.0
     345.0      493.0
     686.0      369.0
     509.0       80.0
     822.0      694.0
     989.0      214.0
     439.0      584.0
     320.0      404.0
     978.0      366.0
     697.0      248.0
     735.0      589.0
     568.0      264.0
     895.0      576.0
     608.0      219.0
     413.0      680.0
     562.0      653.0
     345.0      125.0
     243.0      109.0
     393.0      486.0
     611.0      465.0
     651.0      599.0
     545.0      575.0
     848.0      445.0
     466.0      132.0
     461.0      428.0
     993.0      228.0
     396.0      171.0
      12.0      335.0
     477.0      707.0
    1088.0      658.0
     206.0      475.0
    1015.0      196.0
     661.0      243.0
     339.0      154.0
