<?xml version="1.0"?>
<opencv_storage>
<coins type_id="opencv-matrix">
 <rows>500</rows>
 <cols>1</cols>
 <dt>"2f"</dt>
 <data>
     447.0      104.0
     867.0      416.0
     725.0      370.0
     293.0      644.0
     848.0      476.0
     991.0      657.0
     587.0      143.0
     369.0       75.0
    1297.0       86.0
     415.0      464.0
     835.0      826.0
     576.0      319.0
     958.0      568.0
     275.0       32.0
    1312.0      243.0
    1325.0      637.0
     670.0      544.0
     299.0      257.0
    1000.0      577.0
     693.0      700.0
     557.0      496.0
     219.0      250.0
     636.0      454.0
     980.0       93.0
    1239.0      562.0
    1265.0      239.0
     645.0       19.0
     951.0      374.0
     573.0      599.0
     819.0      192.0
     407.0      505.0
     443.0      366.0
    1094.0      104.0
     785.0      216.0
     317.0       43.0
     377.0      159.0
      52.0      336.0
     620.0      655.0
     464.0      424.0
     927.0      751.0
     587.0      338.0
     559.0      575.0
     399.0      659.0
     459.0      467.0
     699.0       27.0
     280.0      290.0
     275.0      288.0
     332.0      603.0
    1326.0      498.0
     570.0      320.0
     334.0      118.0
     473.0      448.0
     906.0      115.0
     248.0      347.0
     394.0      319.0
    1236.0      624.0
     831.0      216.0
     711.0      822.0
     881.0      492.0
     528.0      537.0
     997.0      604.0
     937.0      168.0
      82.0      378.0
     310.0      492.0
     742.0       77.0
     426.0      602.0
     586.0      421.0
    1007.0       14.0
    1239.0      587.0
     352.0       61.0
     496.0      182.0
     493.0      579.0
     911.0      377.0
     361.0      668.0
     604.0      512.0
     265.0      538.0
     543.0      706.0
     893.0      175.0
     457.0      256.0
     986.0      259.0
     405.0      478.0
    1328.0      225.0
     455.0      239.0
     213.0      142.0
    1178.0       49.0
     794.0      353.0
    1258.0      548.0
     268.0      653.0
     891.0      284.0
     356.0      658.0
     344.0      593.0
     574.0      113.0
     319.0      547.0
     319.0      268.0
     684.0      414.0
     330.0       34.0
    1357.0      556.0
     651.0      519.0
    1296.0      621.0
     440.0      640.0
     527.0      156.0
     526.0       28.0
     539.0      735.0
     813.0      158.0
     979.0      466.0
    1243.0      288.0
     749.0      224.0
     381.0       97.0
     312.0      761.0
     255.0       44.0
     903.0      449.0
    1099.0       69.0
     287.0       58.0
     550.0       95.0
     914.0      244.0
     250.0      245.0
     337.0      203.0
     543.0       60.0
     262.0      681.0
     525.0      397.0
     204.0       96.0
     872.0      537.0
     333.0       74.0
     439.0      338.0
     918.0      139.0
    1004.0      199.0
     456.0      779.0
    1279.0      198.0
    1122.0      432.0
     565.0      322.0
     964.0       80.0
     424.0      811.0
     181.0      303.0
     907.0      233.0
     663.0      624.0
     331.0      508.0
     484.0      465.0
    1079.0      118.0
    1225.0       53.0
     736.0      315.0
     476.0      125.0
     557.0      558.0
     624.0      798.0
    1026.0      428.0
     338.0      350.0
     789.0      720.0
     922.0       14.0
     296.0      678.0
     439.0      293.0
     534.0      802.0
     363.0      549.0
     894.0      453.0
     953.0      403.0
     320.0      304.0
    1081.0      342.0
     552.0      518.0
     848.0      243.0
     431.0      336.0
     786.0       20.0
     410.0      134.0
     865.0      648.0
     291.0      172.0
     706.0      613.0
     124.0      139.0
     329.0      347.0
    1007.0      830.0
     774.0       44.0
     315.0      365.0
     297.0      408.0
     968.0      790.0
     348.0      519.0
    1356.0      179.0
     776.0      536.0
    1327.0      758.0
     524.0      636.0
    1240.0      746.0
     938.0      650.0
    1301.0      645.0
     286.0      609.0
     548.0       15.0
     757.0      627.0
     511.0       62.0
     608.0      367.0
     603.0      630.0
     231.0       28.0
    1147.0      458.0
     754.0      188.0
     343.0      369.0
     424.0      559.0
     753.0      519.0
     118.0       82.0
     372.0       99.0
     318.0      634.0
     538.0      613.0
    1018.0      313.0
     651.0      798.0
     801.0      821.0
    1219.0      504.0
     711.0      469.0
     900.0      416.0
    1359.0      724.0
     314.0      553.0
     834.0      361.0
     433.0      460.0
     465.0      174.0
     369.0      149.0
     503.0      583.0
     512.0      337.0
     870.0      709.0
    1357.0       82.0
     281.0      511.0
     349.0      267.0
     275.0      201.0
     168.0      479.0
     862.0      311.0
     914.0      588.0
    1340.0       29.0
    1022.0      172.0
     135.0      437.0
     816.0      416.0
     445.0      422.0
     568.0      513.0
     337.0       54.0
    1236.0      202.0
    1220.0      371.0
    1358.0       95.0
     557.0      234.0
     392.0      673.0
    1203.0      102.0
     457.0      623.0
     632.0      184.0
     814.0      252.0
     481.0      368.0
     276.0      241.0
     318.0      517.0
     636.0      529.0
     200.0      179.0
     382.0      270.0
     612.0       67.0
     704.0      356.0
     336.0      230.0
     696.0      494.0
     822.0      613.0
    1289.0      673.0
    1261.0      690.0
     347.0      149.0
     897.0      338.0
    1086.0      507.0
     273.0      149.0
     732.0      409.0
    1281.0      174.0
     458.0      655.0
     173.0       68.0
     928.0       28.0
    1308.0      373.0
     456.0      725.0
     699.0      448.0
     424.0      509.0
    1323.0      705.0
    1302.0      203.0
     389.0      591.0
    1087.0      481.0
     525.0      464.0
     397.0       90.0
    1062.0      358.0
     480.0      674.0
     226.0      296.0
    1132.0      369.0
     722.0      708.0
     328.0       75.0
    1012.0      108.0
    1289.0      472.0
     366.0      649.0
     537.0      202.0
     597.0      470.0
     394.0       32.0
     851.0      478.0
     559.0       75.0
     442.0      528.0
     434.0      492.0
     584.0      270.0
     598.0      433.0
     727.0      310.0
     939.0      486.0
    1347.0      129.0
     214.0      259.0
    1288.0       89.0
     899.0      579.0
     350.0      334.0
     466.0       24.0
     627.0      366.0
     265.0      408.0
     482.0      274.0
     839.0      693.0
     756.0      270.0
     802.0      473.0
     547.0      603.0
     729.0      658.0
     793.0      255.0
     567.0      781.0
    1235.0      251.0
     289.0      490.0
     509.0      237.0
     454.0      211.0
     454.0      525.0
    1284.0      249.0
     415.0      372.0
     146.0      213.0
     682.0      784.0
     607.0      603.0
     336.0      800.0
     728.0      281.0
    1308.0      276.0
     411.0      195.0
     314.0      439.0
     589.0      406.0
     607.0      777.0
    1000.0      135.0
     293.0      371.0
     282.0      316.0
     362.0      176.0
     627.0      549.0
     562.0      123.0
     758.0      740.0
     764.0      187.0
     656.0      452.0
    1338.0      671.0
     263.0      432.0
     398.0      765.0
     365.0      337.0
     674.0      121.0
    1342.0      280.0
     951.0      186.0
     859.0      735.0
    1090.0       82.0
    1312.0      560.0
     340.0      481.0
     614.0      709.0
     591.0       99.0
    1106.0      417.0
     351.0      478.0
     502.0      289.0
     540.0      520.0
    1020.0      250.0
     782.0      595.0
    1047.0      474.0
     516.0      671.0
     708.0      428.0
     730.0      524.0
     385.0      182.0
     285.0      380.0
     469.0      171.0
     489.0      616.0
     689.0      586.0
     979.0      506.0
    1022.0       71.0
     685.0      661.0
