<?xml version="1.0"?>
<opencv_storage>
<coins type_id="opencv-matrix">
 <rows>500</rows>
 <cols>1</cols>
 <dt>"2f"</dt>
 <data>
     478.0      554.0
     393.0      425.0
     256.0      708.0
     323.0      759.0
     595.0      446.0
     592.0      147.0
     398.0      214.0
     390.0      613.0
     497.0      768.0
     807.0      696.0
     676.0      496.0
    1136.0      441.0
     429.0      678.0
     222.0      854.0
     434.0      855.0
     686.0      559.0
     658.0      318.0
     783.0      690.0
     317.0      504.0
     670.0      740.0
     770.0      866.0
     513.0      847.0
    1027.0      346.0
     750.0      738.0
    1045.0      357.0
     688.0      771.0
    1051.0      433.0
     671.0      160.0
     683.0      592.0
     191.0      849.0
    1116.0      573.0
     956.0      591.0
     273.0      271.0
     969.0      541.0
    1154.0      127.0
     962.0      727.0
     260.0      642.0
     312.0      139.0
     794.0      584.0
     871.0      439.0
     914.0      570.0
    1131.0      626.0
     943.0      654.0
    1138.0      306.0
     350.0      610.0
     934.0      151.0
     273.0      676.0
     672.0      437.0
     506.0      415.0
    1005.0      297.0
     272.0      466.0
     336.0      873.0
     863.0      279.0
     556.0      224.0
     246.0      857.0
     698.0      657.0
     520.0      370.0
    1004.0      355.0
     994.0      149.0
     423.0      771.0
     880.0      136.0
     786.0      781.0
     442.0      163.0
     468.0      522.0
     588.0      810.0
     517.0      167.0
     542.0      688.0
     627.0      978.0
     267.0      582.0
     967.0      450.0
     904.0      420.0
     248.0      525.0
     807.0      735.0
     571.0      278.0
     548.0      572.0
     387.0      826.0
     419.0      392.0
     852.0      310.0
     717.0      804.0
     640.0      584.0
    1017.0      463.0
     398.0      785.0
     669.0      202.0
     350.0      490.0
     283.0      774.0
     923.0      410.0
     591.0      866.0
     450.0      673.0
     335.0      146.0
    1027.0      792.0
     661.0      769.0
    1000.0      553.0
     300.0      348.0
     499.0      391.0
    1058.0      786.0
     412.0      602.0
     895.0      784.0
     880.0      345.0
     817.0      374.0
     467.0      727.0
     562.0      759.0
    1038.0      705.0
     306.0      399.0
    1127.0      731.0
     716.0      194.0
     540.0      423.0
     484.0      323.0
     432.0      343.0
     690.0      849.0
     932.0      349.0
     909.0      182.0
     420.0      459.0
    1110.0      200.0
     310.0      270.0
     402.0      733.0
    1030.0      521.0
     448.0      301.0
     564.0      551.0
    1005.0      215.0
    1081.0      600.0
    1075.0      195.0
     637.0      757.0
    1074.0      708.0
    1122.0      289.0
     875.0      240.0
     251.0      340.0
     619.0      627.0
    1121.0      539.0
     294.0      867.0
     331.0      467.0
    1015.0      635.0
     244.0      202.0
     670.0      136.0
    1026.0      723.0
     862.0      168.0
     792.0      869.0
     622.0      454.0
    1101.0      347.0
    1114.0      326.0
     649.0      716.0
     711.0      715.0
     826.0      817.0
     576.0      679.0
     505.0      546.0
     980.0      286.0
     257.0      545.0
     818.0      300.0
     485.0      592.0
    1059.0      611.0
     236.0      153.0
    1109.0      383.0
     930.0      796.0
     970.0      750.0
     538.0      593.0
     491.0      232.0
     674.0      536.0
     508.0      210.0
     341.0      732.0
     626.0      648.0
     394.0      194.0
     889.0      572.0
     759.0      758.0
     928.0      248.0
     267.0      605.0
     312.0      796.0
     257.0      681.0
     717.0      315.0
    1062.0      577.0
     299.0      672.0
     938.0      474.0
     750.0      579.0
     270.0      666.0
    1068.0      336.0
     276.0      575.0
     820.0      194.0
    1124.0      514.0
    1104.0      625.0
     366.0      277.0
     626.0      245.0
     715.0      612.0
     263.0      302.0
    1076.0      444.0
     528.0      512.0
     594.0      229.0
     463.0      602.0
     564.0      498.0
     977.0      474.0
     423.0      181.0
    1122.0      817.0
     794.0      539.0
     542.0      139.0
     335.0      781.0
    1118.0      694.0
    1124.0      227.0
     291.0      733.0
     536.0      845.0
    1087.0      557.0
     703.0      386.0
     291.0      517.0
     566.0      646.0
     948.0      329.0
     622.0      597.0
     442.0      810.0
    1156.0      720.0
    1158.0      833.0
     499.0      648.0
     897.0      282.0
     505.0      144.0
     741.0      187.0
     585.0      307.0
     266.0      156.0
     615.0      402.0
     777.0      668.0
     590.0      416.0
    1084.0      396.0
     933.0      380.0
     904.0      236.0
     383.0      396.0
     781.0      156.0
     917.0      309.0
     261.0      193.0
    1040.0      413.0
     351.0      187.0
     874.0      212.0
     330.0      330.0
     567.0      487.0
     940.0      208.0
     573.0      376.0
     615.0      746.0
    1046.0      185.0
    1073.0      283.0
     890.0      449.0
     460.0      147.0
     689.0      346.0
     427.0      214.0
     758.0      200.0
     892.0      492.0
    1008.0      529.0
     626.0      696.0
     959.0      512.0
     982.0      254.0
     961.0      363.0
     914.0      505.0
     924.0      766.0
     241.0      306.0
     295.0      499.0
     630.0      566.0
     902.0      550.0
     418.0      277.0
     657.0      470.0
     485.0      375.0
     842.0      477.0
    1072.0      232.0
     585.0      511.0
     407.0      691.0
     275.0      606.0
     479.0      204.0
     566.0      588.0
    1147.0      802.0
     502.0      626.0
     450.0      417.0
     590.0      199.0
     250.0      409.0
    1110.0      837.0
     628.0      541.0
    1020.0      371.0
    1049.0      676.0
     660.0      287.0
     326.0      384.0
     560.0      453.0
    1024.0      489.0
    1089.0      810.0
    1104.0      486.0
     310.0      324.0
    1086.0      767.0
     341.0      439.0
     785.0      254.0
     910.0      217.0
    1110.0      141.0
     964.0      171.0
     850.0      362.0
     360.0      408.0
     514.0      602.0
    1035.0      390.0
     903.0      257.0
     710.0      223.0
     617.0      591.0
     258.0      754.0
     303.0      817.0
     747.0      798.0
     524.0      226.0
     428.0      579.0
     803.0      272.0
     589.0      762.0
    1073.0      359.0
    1136.0      388.0
     834.0      387.0
    1155.0      618.0
     981.0      327.0
     630.0     1001.0
     989.0      431.0
     917.0      527.0
     482.0      466.0
     290.0      207.0
     481.0      147.0
     893.0      306.0
     405.0      855.0
     817.0      279.0
     332.0      365.0
     725.0      264.0
     324.0      554.0
     609.0      379.0
    1025.0      198.0
    1030.0      659.0
     674.0      653.0
     519.0      284.0
     497.0      830.0
    1080.0      528.0
     764.0      494.0
    1095.0      746.0
     765.0      717.0
    1096.0      233.0
     462.0      330.0
     331.0      207.0
     589.0      264.0
    1042.0      808.0
     276.0      631.0
     639.0      514.0
     470.0      429.0
     953.0      227.0
     653.0      793.0
     717.0      349.0
     623.0      803.0
     451.0      576.0
     893.0      727.0
     933.0      676.0
     813.0      397.0
     476.0      799.0
     697.0      258.0
     319.0      683.0
     308.0      198.0
     593.0      598.0
     439.0      266.0
     814.0      796.0
     520.0      774.0
     860.0      497.0
     377.0      749.0
     528.0      536.0
     905.0      355.0
     641.0      230.0
    1060.0      161.0
     490.0      280.0
     366.0      540.0
    1082.0      657.0
    1079.0      306.0
     612.0      158.0
    1002.0      180.0
