<?xml version="1.0"?>
<opencv_storage>
<coins type_id="opencv-matrix">
 <rows>500</rows>
 <cols>1</cols>
 <dt>"2f"</dt>
 <data>
     647.0      217.0
     152.0      241.0
     127.0      249.0
     671.0      207.0
     328.0      430.0
    1062.0      420.0
     732.0      150.0
     305.0      462.0
     862.0      458.0
     519.0      268.0
     239.0      355.0
     716.0      495.0
     556.0      181.0
     713.0      573.0
     897.0      726.0
     345.0      624.0
    1015.0      618.0
      82.0      166.0
     480.0      423.0
     792.0      330.0
     319.0      588.0
     294.0      655.0
     211.0      321.0
     450.0      406.0
     199.0      672.0
     645.0      687.0
     831.0      584.0
     432.0      566.0
     330.0      394.0
     183.0      360.0
     137.0      681.0
     252.0      735.0
    1076.0      522.0
     667.0      231.0
     784.0      371.0
    1026.0      638.0
      53.0      360.0
    1021.0      263.0
     614.0      600.0
     313.0      669.0
     553.0      696.0
     839.0      659.0
     243.0      126.0
     135.0      659.0
     633.0      745.0
     863.0      630.0
     166.0      683.0
     388.0      710.0
     196.0      238.0
     277.0      324.0
     860.0      194.0
     897.0      252.0
    1010.0      637.0
     274.0      721.0
     587.0      480.0
     811.0      682.0
     102.0      625.0
     754.0      560.0
    1042.0      313.0
     696.0      450.0
     340.0      199.0
     776.0      307.0
      40.0      105.0
     477.0      653.0
     928.0      318.0
     117.0      732.0
     909.0      445.0
     743.0      533.0
     145.0      410.0
     647.0      617.0
    1036.0      510.0
     897.0      468.0
    1016.0      190.0
     207.0      604.0
     283.0      394.0
     419.0      265.0
    1032.0      250.0
    1023.0      492.0
     244.0      764.0
     795.0      677.0
    1077.0      693.0
     775.0      690.0
     688.0      497.0
     469.0      250.0
     941.0      609.0
     752.0      308.0
     691.0      589.0
     855.0      695.0
     488.0      318.0
     917.0      373.0
     318.0      724.0
     676.0      442.0
     821.0      551.0
     678.0      249.0
     945.0      303.0
     793.0      159.0
     255.0      206.0
      84.0      703.0
     365.0      728.0
     871.0      245.0
     921.0      186.0
     244.0      714.0
     972.0      702.0
     116.0      558.0
     467.0      491.0
     265.0      163.0
     353.0      709.0
     212.0      157.0
     686.0      670.0
     157.0      537.0
    1033.0      294.0
     966.0      342.0
     605.0      424.0
     890.0      292.0
     889.0      521.0
     380.0      570.0
     402.0      364.0
     347.0      685.0
     328.0      776.0
     641.0      397.0
     149.0      606.0
     392.0      312.0
     856.0      300.0
     941.0      732.0
     252.0      287.0
    1023.0      339.0
     777.0      527.0
     972.0      178.0
     455.0      374.0
     506.0      598.0
     695.0      536.0
     957.0      616.0
     963.0      487.0
     235.0      267.0
     246.0      439.0
    1082.0      463.0
     561.0      528.0
     773.0      180.0
     760.0      498.0
     583.0      265.0
     991.0      197.0
     226.0      576.0
     679.0      632.0
     843.0      349.0
    1071.0      594.0
     840.0      488.0
     996.0      423.0
     984.0      544.0
    1083.0      423.0
     924.0      430.0
     581.0      705.0
     202.0      344.0
    1089.0      174.0
     152.0      313.0
     915.0      558.0
     436.0      385.0
     422.0      241.0
     183.0      639.0
     764.0      226.0
     680.0      698.0
     720.0      308.0
     629.0      367.0
     860.0      339.0
     831.0      376.0
     109.0      385.0
     594.0      171.0
     850.0      217.0
     134.0      171.0
     942.0      442.0
     735.0      639.0
     903.0      674.0
     286.0      272.0
     810.0      392.0
     262.0      651.0
     103.0      498.0
    1014.0      365.0
     379.0      284.0
     583.0      410.0
     597.0      659.0
     163.0      482.0
     416.0      646.0
     544.0      677.0
      78.0      548.0
    1074.0      403.0
     307.0      400.0
     734.0      253.0
     628.0      445.0
     475.0      512.0
    1066.0      445.0
     845.0      532.0
    1034.0      212.0
     165.0      114.0
     201.0      387.0
     900.0      221.0
     767.0      340.0
     675.0      355.0
     618.0      569.0
     124.0      582.0
     513.0      568.0
    1003.0      272.0
    1045.0      374.0
     214.0      435.0
     933.0      545.0
     446.0      636.0
     536.0      252.0
     415.0      147.0
     715.0      444.0
     975.0      605.0
     692.0      200.0
     163.0      269.0
     765.0      431.0
     585.0      218.0
     221.0      692.0
     757.0      729.0
     662.0      673.0
      76.0      128.0
     979.0      626.0
     390.0      441.0
     764.0      252.0
     271.0      492.0
     985.0      306.0
     359.0      767.0
     155.0      384.0
     393.0      745.0
     421.0      600.0
     725.0      600.0
     707.0      166.0
     908.0      513.0
     798.0      240.0
     828.0      471.0
     327.0      278.0
     505.0      536.0
     534.0      531.0
     825.0      229.0
    1067.0      634.0
    1022.0      313.0
     657.0      711.0
     313.0      219.0
     843.0      424.0
     783.0      279.0
     276.0      114.0
     964.0      575.0
     810.0      444.0
     351.0      469.0
      78.0      437.0
      72.0      324.0
     370.0      526.0
     573.0      575.0
     331.0      554.0
     424.0      526.0
     845.0      321.0
     323.0      628.0
    1069.0      657.0
     372.0      451.0
     516.0      151.0
     499.0      171.0
     195.0      124.0
     857.0      572.0
    1041.0      431.0
      60.0      268.0
     609.0      374.0
    1012.0      575.0
     671.0      569.0
     256.0      260.0
     883.0      595.0
     668.0      750.0
     563.0      342.0
    1019.0      707.0
     658.0      165.0
     138.0      472.0
     839.0      450.0
     988.0      514.0
     421.0      436.0
      54.0      143.0
     532.0      376.0
     583.0      196.0
     971.0      202.0
    1033.0      401.0
     408.0      674.0
     924.0      524.0
     745.0      205.0
     638.0      665.0
     951.0      714.0
     467.0      713.0
     963.0      270.0
     825.0      619.0
     210.0      474.0
     503.0      691.0
     551.0      616.0
     472.0      563.0
      87.0      744.0
     307.0      691.0
     241.0      378.0
     787.0      562.0
     938.0      379.0
     643.0      433.0
     300.0      143.0
     606.0      638.0
     983.0      733.0
      99.0      532.0
     485.0      744.0
     599.0      683.0
     560.0      252.0
     564.0      656.0
     539.0      743.0
      78.0      248.0
     661.0      459.0
    1056.0      202.0
     298.0      248.0
     307.0      564.0
     904.0      492.0
     685.0      736.0
      96.0      464.0
     953.0      225.0
      89.0      578.0
     628.0      617.0
     900.0      551.0
    1050.0      346.0
    1076.0      711.0
     400.0      168.0
     554.0      401.0
     603.0      736.0
     440.0      304.0
     526.0      590.0
     120.0      295.0
     537.0      714.0
     285.0      447.0
     995.0      384.0
     883.0      490.0
     668.0      599.0
     426.0      474.0
     649.0      329.0
     657.0      370.0
     999.0      252.0
     524.0      191.0
     525.0      479.0
     455.0      126.0
     707.0      725.0
     254.0      570.0
     929.0      643.0
     407.0      208.0
     837.0      188.0
     502.0      374.0
     761.0      477.0
     173.0      146.0
     792.0      624.0
     658.0      280.0
     543.0      442.0
    1042.0      706.0
     542.0      297.0
     900.0      573.0
    1006.0      494.0
     509.0      415.0
     882.0      443.0
     684.0      383.0
     510.0      638.0
     523.0      338.0
